* Measurement data measured by REW V5.31.3
* Source: Headset (CX31993 HIFI AUDIO), MICROPHONE (Master Volume), R, volume: 0.400
* Format: 256k Log Swept Sine, 1 sweep at -11.9 dBFS with no timing reference
* Dated: 05 26, 25 6:07:41 PM
* REW Settings:
*  C-weighting compensation: Off
*  Target level: 75.0 dB
* Note: ; 
* Measurement: Final A5000 2HDF L
* Smoothing: 1/12 octave
* Frequency Step: 96 ppo
* Start Frequency: 0.36621094 Hz
*
* Freq(Hz) SPL(dB) Phase(degrees)
0.366211 37.623 61.5671
0.368865 37.655 61.4952
0.371538 37.703 61.3895
0.374230 37.762 61.2600
0.376942 37.828 61.1154
0.379673 37.898 60.9620
0.382424 37.972 60.8039
0.385196 38.048 60.6437
0.387987 38.124 60.4826
0.390798 38.202 60.3216
0.393630 38.280 60.1611
0.396483 38.359 60.0011
0.399356 38.439 59.8419
0.402250 38.519 59.6834
0.405165 38.600 59.5257
0.408101 38.682 59.3687
0.411058 38.764 59.2125
0.414037 38.846 59.0569
0.417037 38.930 58.9020
0.420059 39.013 58.7476
0.423103 39.098 58.5939
0.426169 39.183 58.4407
0.429257 39.269 58.2880
0.432368 39.355 58.1358
0.435501 39.442 57.9840
0.438656 39.529 57.8326
0.441835 39.618 57.6815
0.445037 39.707 57.5306
0.448262 39.796 57.3800
0.451510 39.886 57.2296
0.454782 39.977 57.0794
0.458077 40.068 56.9292
0.461397 40.160 56.7790
0.464740 40.253 56.6288
0.468108 40.347 56.4785
0.471500 40.441 56.3281
0.474917 40.536 56.1775
0.478358 40.631 56.0267
0.481825 40.727 55.8755
0.485316 40.824 55.7240
0.488833 40.922 55.5720
0.492375 41.020 55.4196
0.495943 41.119 55.2666
0.499537 41.219 55.1130
0.503157 41.319 54.9587
0.506803 41.421 54.8037
0.510475 41.523 54.6479
0.514175 41.625 54.4913
0.517900 41.729 54.3337
0.521653 41.833 54.1751
0.525434 41.938 54.0155
0.529241 42.043 53.8548
0.533076 42.150 53.6929
0.536939 42.257 53.5297
0.540830 42.365 53.3653
0.544749 42.474 53.1994
0.548696 42.583 53.0322
0.552673 42.694 52.8634
0.556677 42.805 52.6931
0.560711 42.917 52.5211
0.564774 43.030 52.3474
0.568867 43.143 52.1720
0.572989 43.258 51.9948
0.577141 43.373 51.8157
0.581324 43.489 51.6347
0.585536 43.606 51.4517
0.589779 43.724 51.2665
0.594053 43.842 51.0793
0.598358 43.962 50.8899
0.602694 44.082 50.6982
0.607061 44.204 50.5043
0.611460 44.326 50.3079
0.615891 44.449 50.1092
0.620354 44.573 49.9080
0.624849 44.697 49.7042
0.629377 44.823 49.4979
0.633938 44.950 49.2889
0.638532 45.077 49.0772
0.643159 45.206 48.8628
0.647819 45.335 48.6455
0.652514 45.466 48.4254
0.657242 45.597 48.2024
0.662005 45.729 47.9765
0.666802 45.862 47.7475
0.671634 45.996 47.5155
0.676501 46.132 47.2804
0.681403 46.268 47.0422
0.686341 46.405 46.8008
0.691314 46.543 46.5563
0.696324 46.682 46.3085
0.701370 46.821 46.0575
0.706452 46.961 45.8035
0.711571 47.102 45.5465
0.716728 47.242 45.2869
0.721921 47.382 45.0252
0.727153 47.520 44.7620
0.732422 47.656 44.4984
0.737729 47.789 44.2355
0.743075 47.921 43.9744
0.748460 48.050 43.7161
0.753883 48.179 43.4610
0.759346 48.306 43.2095
0.764849 48.434 42.9616
0.770391 48.561 42.7174
0.775974 48.688 42.4767
0.781597 48.816 42.2393
0.787261 48.943 42.0051
0.792966 49.070 41.7739
0.798712 49.198 41.5453
0.804500 49.326 41.3193
0.810329 49.453 41.0955
0.816201 49.581 40.8739
0.822116 49.709 40.6540
0.828073 49.837 40.4358
0.834074 49.965 40.2190
0.840118 50.094 40.0034
0.846206 50.222 39.7888
0.852338 50.351 39.5749
0.858514 50.479 39.3617
0.864735 50.608 39.1487
0.871001 50.737 38.9359
0.877313 50.866 38.7231
0.883670 50.996 38.5100
0.890074 51.125 38.2964
0.896524 51.255 38.0822
0.903020 51.384 37.8672
0.909564 51.514 37.6511
0.916155 51.645 37.4338
0.922794 51.775 37.2150
0.929481 51.906 36.9947
0.936216 52.037 36.7725
0.943000 52.168 36.5484
0.949834 52.299 36.3222
0.956717 52.431 36.0936
0.963649 52.563 35.8625
0.970632 52.695 35.6288
0.977666 52.828 35.3923
0.984750 52.961 35.1527
0.991886 53.094 34.9100
0.999074 53.227 34.6639
1.006314 53.361 34.4144
1.013606 53.496 34.1612
1.020951 53.631 33.9042
1.028349 53.766 33.6433
1.035801 53.902 33.3783
1.043307 54.038 33.1091
1.050867 54.175 32.8356
1.058482 54.312 32.5578
1.066152 54.450 32.2757
1.073878 54.588 31.9895
1.081660 54.727 31.6994
1.089498 54.866 31.4061
1.097393 55.006 31.1104
1.105345 55.146 30.8133
1.113355 55.286 30.5159
1.121423 55.427 30.2188
1.129549 55.567 29.9229
1.137734 55.707 29.6283
1.145979 55.848 29.3351
1.154283 55.988 29.0435
1.162647 56.129 28.7532
1.171072 56.269 28.4642
1.179558 56.410 28.1763
1.188106 56.550 27.8893
1.196715 56.691 27.6031
1.205387 56.831 27.3173
1.214122 56.972 27.0319
1.222920 57.112 26.7467
1.231782 57.253 26.4614
1.240708 57.393 26.1759
1.249699 57.534 25.8899
1.258754 57.675 25.6032
1.267876 57.815 25.3158
1.277063 57.956 25.0273
1.286318 58.097 24.7376
1.295639 58.238 24.4466
1.305027 58.379 24.1539
1.314484 58.521 23.8594
1.324009 58.662 23.5629
1.333604 58.803 23.2643
1.343268 58.945 22.9633
1.353002 59.087 22.6598
1.362806 59.229 22.3536
1.372681 59.371 22.0444
1.382628 59.514 21.7322
1.392647 59.656 21.4168
1.402739 59.799 21.0980
1.412904 59.943 20.7757
1.423142 60.086 20.4501
1.433455 60.230 20.1211
1.443843 60.374 19.7891
1.454305 60.519 19.4546
1.464844 60.663 19.1184
1.475459 60.808 18.7813
1.486150 60.952 18.4443
1.496920 61.097 18.1079
1.507767 61.241 17.7726
1.518693 61.385 17.4385
1.529698 61.529 17.1055
1.540783 61.673 16.7734
1.551948 61.817 16.4420
1.563194 61.960 16.1109
1.574521 62.103 15.7799
1.585931 62.246 15.4486
1.597423 62.389 15.1167
1.608999 62.532 14.7837
1.620658 62.675 14.4495
1.632402 62.818 14.1135
1.644232 62.960 13.7755
1.656146 63.102 13.4351
1.668147 63.245 13.0920
1.680235 63.387 12.7458
1.692411 63.529 12.3963
1.704675 63.671 12.0430
1.717028 63.814 11.6857
1.729470 63.956 11.3240
1.742003 64.098 10.9576
1.754626 64.240 10.5863
1.767341 64.383 10.2098
1.780147 64.525 9.8279
1.793047 64.668 9.4406
1.806040 64.810 9.0480
1.819128 64.953 8.6505
1.832310 65.095 8.2485
1.845587 65.238 7.8427
1.858961 65.380 7.4340
1.872432 65.522 7.0230
1.886001 65.663 6.6100
1.899667 65.805 6.1955
1.913433 65.945 5.7795
1.927299 66.086 5.3622
1.941265 66.226 4.9436
1.955332 66.366 4.5235
1.969501 66.505 4.1020
1.983773 66.645 3.6790
1.998148 66.783 3.2544
2.012627 66.922 2.8279
2.027212 67.060 2.3995
2.041902 67.199 1.9691
2.056698 67.336 1.5364
2.071602 67.474 1.1012
2.086614 67.612 0.6634
2.101734 67.749 0.2228
2.116964 67.886 -0.2208
2.132304 68.023 -0.6677
2.147756 68.160 -1.1180
2.163320 68.297 -1.5717
2.178996 68.434 -2.0290
2.194786 68.570 -2.4898
2.210690 68.706 -2.9538
2.226710 68.842 -3.4208
2.242845 68.977 -3.8906
2.259098 69.112 -4.3628
2.275468 69.247 -4.8372
2.291957 69.380 -5.3136
2.308566 69.514 -5.7919
2.325295 69.646 -6.2719
2.342145 69.779 -6.7536
2.359117 69.911 -7.2368
2.376212 70.042 -7.7216
2.393431 70.173 -8.2079
2.410775 70.304 -8.6958
2.428244 70.434 -9.1853
2.445840 70.564 -9.6765
2.463564 70.693 -10.1693
2.481416 70.823 -10.6641
2.499397 70.952 -11.1608
2.517509 71.080 -11.6597
2.535752 71.209 -12.1609
2.554127 71.337 -12.6647
2.572635 71.465 -13.1711
2.591277 71.592 -13.6804
2.610055 71.718 -14.1924
2.628968 71.844 -14.7072
2.648019 71.969 -15.2244
2.667208 72.094 -15.7439
2.686535 72.218 -16.2655
2.706003 72.342 -16.7888
2.725612 72.464 -17.3137
2.745363 72.587 -17.8399
2.765257 72.708 -18.3672
2.785295 72.830 -18.8956
2.805478 72.951 -19.4247
2.825808 73.071 -19.9546
2.846285 73.191 -20.4853
2.866910 73.311 -21.0168
2.887685 73.430 -21.5491
2.908611 73.548 -22.0827
2.929688 73.667 -22.6177
2.950917 73.784 -23.1545
2.972301 73.902 -23.6935
2.993839 74.018 -24.2346
3.015534 74.134 -24.7779
3.037386 74.249 -25.3231
3.059396 74.363 -25.8700
3.081565 74.477 -26.4183
3.103896 74.590 -26.9676
3.126388 74.702 -27.5176
3.149043 74.814 -28.0680
3.171862 74.926 -28.6184
3.194847 75.037 -29.1688
3.217998 75.147 -29.7189
3.241317 75.257 -30.2687
3.264805 75.367 -30.8183
3.288463 75.476 -31.3681
3.312293 75.584 -31.9184
3.336295 75.692 -32.4695
3.360471 75.800 -33.0217
3.384822 75.906 -33.5751
3.409350 76.012 -34.1296
3.434056 76.118 -34.6850
3.458940 76.222 -35.2411
3.484005 76.327 -35.7975
3.509252 76.430 -36.3539
3.534681 76.533 -36.9100
3.560295 76.636 -37.4656
3.586094 76.738 -38.0205
3.612081 76.840 -38.5747
3.638255 76.941 -39.1282
3.664620 77.042 -39.6814
3.691175 77.143 -40.2345
3.717923 77.243 -40.7878
3.744864 77.342 -41.3415
3.772001 77.441 -41.8957
3.799335 77.539 -42.4502
3.826866 77.636 -43.0050
3.854597 77.733 -43.5597
3.882529 77.830 -44.1143
3.910664 77.926 -44.6684
3.939002 78.022 -45.2218
3.967546 78.118 -45.7746
3.996296 78.213 -46.3267
4.025255 78.308 -46.8782
4.054423 78.402 -47.4294
4.083804 78.496 -47.9804
4.113396 78.590 -48.5315
4.143204 78.683 -49.0827
4.173227 78.775 -49.6342
4.203468 78.868 -50.1857
4.233928 78.959 -50.7373
4.264609 79.051 -51.2888
4.295512 79.142 -51.8403
4.326639 79.233 -52.3916
4.357992 79.323 -52.9429
4.389572 79.413 -53.4941
4.421380 79.503 -54.0456
4.453419 79.592 -54.5974
4.485691 79.681 -55.1497
4.518196 79.770 -55.7026
4.550936 79.858 -56.2560
4.583914 79.946 -56.8099
4.617131 80.034 -57.3643
4.650589 80.121 -57.9192
4.684289 80.208 -58.4746
4.718233 80.294 -59.0306
4.752424 80.380 -59.5873
4.786862 80.466 -60.1448
4.821549 80.551 -60.7034
4.856488 80.636 -61.2630
4.891680 80.720 -61.8237
4.927127 80.804 -62.3855
4.962831 80.887 -62.9482
4.998794 80.970 -63.5118
5.035017 81.053 -64.0761
5.071503 81.135 -64.6413
5.108253 81.216 -65.2075
5.145270 81.297 -65.7748
5.182555 81.378 -66.3433
5.220110 81.458 -66.9133
5.257937 81.537 -67.4845
5.296038 81.616 -68.0568
5.334415 81.694 -68.6300
5.373071 81.772 -69.2039
5.412006 81.848 -69.7782
5.451224 81.925 -70.3530
5.490725 82.000 -70.9284
5.530514 82.075 -71.5044
5.570590 82.150 -72.0812
5.610957 82.223 -72.6587
5.651616 82.296 -73.2369
5.692570 82.368 -73.8153
5.733821 82.439 -74.3935
5.775370 82.510 -74.9713
5.817221 82.580 -75.5485
5.859375 82.649 -76.1250
5.901834 82.718 -76.7009
5.944602 82.785 -77.2764
5.987679 82.852 -77.8514
6.031068 82.918 -78.4256
6.074771 82.984 -78.9988
6.118792 83.049 -79.5704
6.163131 83.113 -80.1404
6.207792 83.176 -80.7083
6.252776 83.239 -81.2743
6.298086 83.301 -81.8383
6.343725 83.362 -82.4005
6.389694 83.423 -82.9608
6.435996 83.483 -83.5189
6.482634 83.543 -84.0747
6.529610 83.602 -84.6279
6.576926 83.660 -85.1784
6.624585 83.718 -85.7261
6.672590 83.776 -86.2712
6.720942 83.833 -86.8138
6.769645 83.890 -87.3538
6.818700 83.947 -87.8914
6.868111 84.003 -88.4266
6.917881 84.059 -88.9593
6.968010 84.114 -89.4897
7.018504 84.170 -90.0177
7.069362 84.225 -90.5436
7.120590 84.280 -91.0675
7.172189 84.335 -91.5898
7.224161 84.390 -92.1106
7.276511 84.444 -92.6301
7.329239 84.499 -93.1486
7.382350 84.553 -93.6662
7.435845 84.608 -94.1830
7.489729 84.662 -94.6994
7.544002 84.716 -95.2156
7.598669 84.770 -95.7319
7.653732 84.824 -96.2485
7.709194 84.878 -96.7658
7.765058 84.931 -97.2839
7.821327 84.985 -97.8028
7.878004 85.038 -98.3229
7.935091 85.091 -98.8441
7.992592 85.144 -99.3668
8.050510 85.196 -99.8910
8.108847 85.248 -100.4168
8.167607 85.299 -100.9443
8.226793 85.350 -101.4734
8.286408 85.401 -102.0041
8.346454 85.451 -102.5363
8.406936 85.501 -103.0699
8.467856 85.549 -103.6048
8.529218 85.597 -104.1409
8.591024 85.645 -104.6780
8.653278 85.691 -105.2159
8.715983 85.737 -105.7542
8.779143 85.783 -106.2927
8.842760 85.827 -106.8310
8.906839 85.870 -107.3691
8.971381 85.913 -107.9066
9.036392 85.955 -108.4430
9.101873 85.996 -108.9781
9.167829 86.036 -109.5115
9.234263 86.076 -110.0429
9.301178 86.114 -110.5722
9.368578 86.152 -111.0989
9.436467 86.190 -111.6230
9.504847 86.226 -112.1439
9.573723 86.262 -112.6617
9.643099 86.298 -113.1761
9.712976 86.333 -113.6871
9.783361 86.367 -114.1946
9.854255 86.401 -114.6986
9.925663 86.435 -115.1990
9.997588 86.469 -115.6960
10.070035 86.502 -116.1896
10.143007 86.535 -116.6800
10.216507 86.568 -117.1675
10.290540 86.601 -117.6522
10.365109 86.634 -118.1344
10.440219 86.667 -118.6145
10.515873 86.700 -119.0927
10.592076 86.733 -119.5695
10.668830 86.766 -120.0452
10.746141 86.799 -120.5202
10.824012 86.832 -120.9948
10.902447 86.865 -121.4694
10.981451 86.898 -121.9445
11.061027 86.931 -122.4202
11.141180 86.963 -122.8970
11.221913 86.996 -123.3751
11.303232 87.029 -123.8546
11.385140 87.061 -124.3359
11.467641 87.093 -124.8191
11.550741 87.125 -125.3042
11.634442 87.157 -125.7912
11.718750 87.188 -126.2801
11.803669 87.218 -126.7708
11.889203 87.248 -127.2632
11.975357 87.277 -127.7571
12.062136 87.306 -128.2521
12.149543 87.333 -128.7481
12.237583 87.360 -129.2447
12.326262 87.387 -129.7415
12.415583 87.412 -130.2381
12.505552 87.437 -130.7341
12.596172 87.461 -131.2292
12.687449 87.484 -131.7230
12.779387 87.506 -132.2150
12.871992 87.528 -132.7051
12.965268 87.549 -133.1928
13.059220 87.569 -133.6779
13.153852 87.589 -134.1603
13.249170 87.609 -134.6399
13.345179 87.627 -135.1166
13.441884 87.646 -135.5905
13.539289 87.664 -136.0616
13.637401 87.682 -136.5301
13.736223 87.700 -136.9962
13.835761 87.717 -137.4603
13.936021 87.734 -137.9226
14.037007 87.752 -138.3835
14.138725 87.769 -138.8433
14.241180 87.785 -139.3024
14.344377 87.802 -139.7611
14.448323 87.819 -140.2197
14.553021 87.835 -140.6783
14.658478 87.851 -141.1373
14.764700 87.866 -141.5967
14.871691 87.881 -142.0564
14.979457 87.896 -142.5164
15.088005 87.910 -142.9766
15.197339 87.924 -143.4368
15.307465 87.937 -143.8965
15.418389 87.949 -144.3556
15.530117 87.961 -144.8137
15.642655 87.972 -145.2703
15.756008 87.982 -145.7251
15.870182 87.992 -146.1777
15.985184 88.001 -146.6279
16.101019 88.010 -147.0755
16.217694 88.018 -147.5202
16.335214 88.026 -147.9620
16.453586 88.034 -148.4009
16.572815 88.041 -148.8371
16.692909 88.048 -149.2706
16.813872 88.055 -149.7016
16.935713 88.061 -150.1304
17.058436 88.068 -150.5571
17.182048 88.074 -150.9818
17.306556 88.079 -151.4048
17.431967 88.085 -151.8260
17.558286 88.090 -152.2454
17.685521 88.095 -152.6629
17.813677 88.099 -153.0781
17.942762 88.103 -153.4910
18.072783 88.107 -153.9012
18.203746 88.111 -154.3087
18.335658 88.114 -154.7133
18.468526 88.117 -155.1152
18.602356 88.121 -155.5147
18.737156 88.124 -155.9122
18.872934 88.127 -156.3085
19.009695 88.131 -156.7044
19.147447 88.135 -157.1009
19.286197 88.138 -157.4990
19.425953 88.142 -157.8995
19.566721 88.145 -158.3028
19.708510 88.147 -158.7091
19.851326 88.149 -159.1179
19.995177 88.149 -159.5281
20.140070 88.148 -159.9382
20.286013 88.145 -160.3457
20.433014 88.141 -160.7482
20.581080 88.135 -161.1427
20.730219 88.129 -161.5267
20.880439 88.121 -161.8978
21.031747 88.113 -162.2546
21.184152 88.105 -162.5971
21.337661 88.099 -162.9263
21.492282 88.095 -163.2449
21.648024 88.092 -163.5570
21.804895 88.093 -163.8679
21.962902 88.096 -164.1836
22.122054 88.102 -164.5102
22.282360 88.110 -164.8530
22.443827 88.118 -165.2163
22.606464 88.127 -165.6022
22.770280 88.134 -166.0108
22.935283 88.139 -166.4398
23.101481 88.141 -166.8843
23.268884 88.138 -167.3379
23.437500 88.131 -167.7929
23.607338 88.120 -168.2414
23.778406 88.105 -168.6759
23.950714 88.087 -169.0907
24.124271 88.068 -169.4821
24.299086 88.048 -169.8493
24.475167 88.029 -170.1944
24.652524 88.012 -170.5219
24.831166 87.998 -170.8382
25.011103 87.986 -171.1509
25.192344 87.977 -171.4670
25.374898 87.970 -171.7924
25.558775 87.964 -172.1308
25.743984 87.958 -172.4832
25.930536 87.950 -172.8482
26.118439 87.941 -173.2220
26.307704 87.930 -173.5994
26.498341 87.916 -173.9750
26.690359 87.900 -174.3435
26.883768 87.883 -174.7015
27.078579 87.865 -175.0472
27.274801 87.848 -175.3812
27.472446 87.831 -175.7058
27.671522 87.815 -176.0245
27.872042 87.801 -176.3415
28.074014 87.787 -176.6603
28.277450 87.774 -176.9834
28.482360 87.761 -177.3117
28.688755 87.747 -177.6447
28.896645 87.733 -177.9804
29.106042 87.717 -178.3163
29.316957 87.701 -178.6497
29.529400 87.683 -178.9788
29.743382 87.665 -179.3027
29.958915 87.647 -179.6215
30.176009 87.629 -179.9363
30.394677 87.611 179.7513
30.614929 87.594 179.4399
30.836778 87.576 179.1285
31.060234 87.558 178.8170
31.285309 87.539 178.5061
31.512015 87.520 178.1970
31.740364 87.500 177.8908
31.970368 87.480 177.5885
32.202039 87.460 177.2903
32.435388 87.440 176.9958
32.670428 87.420 176.7039
32.907171 87.400 176.4138
33.145630 87.380 176.1249
33.385817 87.360 175.8372
33.627745 87.340 175.5516
33.871425 87.319 175.2690
34.116871 87.298 174.9907
34.364096 87.277 174.7169
34.613113 87.257 174.4471
34.863934 87.237 174.1797
35.116572 87.217 173.9129
35.371041 87.198 173.6448
35.627354 87.179 173.3744
35.885525 87.159 173.1021
36.145566 87.138 172.8293
36.407492 87.117 172.5583
36.671316 87.095 172.2915
36.937051 87.072 172.0302
37.204712 87.049 171.7746
37.474313 87.026 171.5234
37.745867 87.004 171.2744
38.019389 86.982 171.0249
38.294893 86.959 170.7730
38.572394 86.937 170.5174
38.851905 86.914 170.2583
39.133442 86.890 169.9969
39.417019 86.865 169.7349
39.702651 86.838 169.4741
39.990353 86.811 169.2162
40.280140 86.783 168.9622
40.572026 86.754 168.7124
40.866028 86.725 168.4667
41.162160 86.696 168.2245
41.460438 86.667 167.9846
41.760877 86.638 167.7462
42.063494 86.609 167.5084
42.368303 86.581 167.2706
42.675322 86.552 167.0327
42.984565 86.524 166.7948
43.296048 86.496 166.5568
43.609789 86.468 166.3190
43.925804 86.440 166.0812
44.244108 86.412 165.8438
44.564719 86.383 165.6077
44.887654 86.355 165.3741
45.212928 86.326 165.1452
45.540560 86.297 164.9225
45.870565 86.268 164.7070
46.202962 86.239 164.4983
46.537768 86.211 164.2950
46.875000 86.184 164.0951
47.214676 86.158 163.8965
47.556813 86.131 163.6979
47.901429 86.105 163.4990
48.248542 86.078 163.2997
48.598171 86.050 163.1004
48.950334 86.022 162.9017
49.305048 85.993 162.7048
49.662333 85.962 162.5116
50.022206 85.931 162.3245
50.384688 85.899 162.1454
50.749796 85.867 161.9739
51.117550 85.835 161.8070
51.487969 85.804 161.6393
51.861072 85.774 161.4658
52.236879 85.744 161.2838
52.615409 85.712 161.0945
52.996681 85.679 160.9027
53.380717 85.644 160.7139
53.767536 85.609 160.5319
54.157158 85.573 160.3572
54.549603 85.538 160.1877
54.944892 85.504 160.0201
55.343045 85.471 159.8524
55.744084 85.438 159.6837
56.148028 85.405 159.5146
56.554900 85.372 159.3462
56.964720 85.339 159.1797
57.377510 85.306 159.0169
57.793291 85.273 158.8601
58.212085 85.239 158.7112
58.633914 85.206 158.5710
59.058799 85.172 158.4391
59.486764 85.140 158.3138
59.917829 85.107 158.1929
60.352019 85.075 158.0739
60.789354 85.043 157.9537
61.229859 85.011 157.8294
61.673556 84.978 157.6990
62.120468 84.944 157.5633
62.570618 84.908 157.4249
63.024031 84.871 157.2864
63.480729 84.833 157.1488
63.940736 84.794 157.0105
64.404077 84.756 156.8690
64.870776 84.718 156.7217
65.340856 84.681 156.5665
65.814343 84.644 156.4009
66.291261 84.607 156.2247
66.771635 84.569 156.0422
67.255489 84.531 155.8631
67.742850 84.493 155.6982
68.233743 84.455 155.5540
68.728193 84.421 155.4285
69.226226 84.390 155.3137
69.727867 84.363 155.1998
70.233144 84.337 155.0821
70.742083 84.310 154.9629
71.254709 84.282 154.8506
71.771050 84.252 154.7548
72.291132 84.221 154.6800
72.814984 84.189 154.6229
73.342631 84.159 154.5745
73.874102 84.128 154.5255
74.409424 84.096 154.4707
74.948626 84.063 154.4096
75.491734 84.028 154.3436
76.038779 83.991 154.2742
76.589787 83.954 154.2019
77.144788 83.917 154.1260
77.703811 83.879 154.0461
78.266885 83.842 153.9628
78.834039 83.805 153.8780
79.405303 83.769 153.7933
79.980706 83.734 153.7097
80.560280 83.699 153.6276
81.144053 83.664 153.5483
81.732056 83.630 153.4728
82.324320 83.596 153.4018
82.920876 83.562 153.3348
83.521755 83.529 153.2704
84.126988 83.495 153.2063
84.736607 83.462 153.1401
85.350643 83.428 153.0707
85.969129 83.394 152.9987
86.592097 83.359 152.9248
87.219579 83.324 152.8512
87.851608 83.288 152.7812
88.488217 83.252 152.7187
89.129439 83.216 152.6655
89.775308 83.181 152.6195
90.425856 83.146 152.5767
91.081119 83.112 152.5342
91.741131 83.077 152.4911
92.405925 83.042 152.4479
93.075536 83.006 152.4040
93.750000 82.970 152.3583
94.429351 82.933 152.3100
95.113625 82.896 152.2583
95.802858 82.860 152.2035
96.497085 82.824 152.1477
97.196342 82.789 152.0951
97.900667 82.755 152.0499
98.610096 82.722 152.0132
99.324665 82.691 151.9834
100.044413 82.661 151.9572
100.769376 82.630 151.9328
101.499592 82.598 151.9107
102.235100 82.564 151.8922
102.975938 82.529 151.8772
103.722144 82.492 151.8634
104.473757 82.455 151.8468
105.230817 82.417 151.8248
105.993363 82.380 151.7974
106.761435 82.342 151.7671
107.535072 82.306 151.7368
108.314315 82.271 151.7083
109.099206 82.237 151.6827
109.889783 82.204 151.6623
110.686090 82.171 151.6497
111.488167 82.138 151.6459
112.296056 82.106 151.6489
113.109800 82.073 151.6537
113.929440 82.040 151.6542
114.755020 82.007 151.6468
115.586582 81.974 151.6323
116.424170 81.941 151.6122
117.267827 81.908 151.5886
118.117598 81.875 151.5654
118.973527 81.842 151.5466
119.835658 81.809 151.5358
120.704037 81.775 151.5353
121.578708 81.742 151.5418
122.459718 81.710 151.5459
123.347111 81.677 151.5402
124.240935 81.643 151.5215
125.141236 81.607 151.4889
126.048061 81.567 151.4453
126.961458 81.524 151.3997
127.881473 81.477 151.3627
128.808154 81.426 151.3448
129.741551 81.374 151.3544
130.681712 81.324 151.3876
131.628686 81.278 151.4272
132.582521 81.236 151.4598
133.543269 81.199 151.4837
134.510979 81.166 151.5004
135.485701 81.136 151.5151
136.467486 81.111 151.5390
137.456386 81.088 151.5785
138.452451 81.070 151.6298
139.455735 81.053 151.6874
140.466288 81.037 151.7493
141.484165 81.021 151.8156
142.509418 81.002 151.8856
143.542100 80.982 151.9574
144.582265 80.959 152.0294
145.629968 80.934 152.0999
146.685262 80.905 152.1681
147.748204 80.874 152.2319
148.818849 80.842 152.2878
149.897251 80.809 152.3326
150.983469 80.775 152.3663
152.077557 80.740 152.3929
153.179574 80.706 152.4186
154.289576 80.672 152.4488
155.407622 80.637 152.4868
156.533770 80.604 152.5331
157.668078 80.570 152.5843
158.810606 80.537 152.6352
159.961413 80.506 152.6813
161.120559 80.475 152.7207
162.288105 80.445 152.7544
163.464112 80.416 152.7844
164.648640 80.388 152.8133
165.841752 80.361 152.8447
167.043510 80.334 152.8821
168.253976 80.306 152.9279
169.473213 80.276 152.9827
170.701286 80.246 153.0467
171.938258 80.214 153.1184
173.184194 80.182 153.1939
174.439158 80.150 153.2692
175.703216 80.118 153.3439
176.976434 80.086 153.4221
178.258878 80.054 153.5089
179.550615 80.024 153.6067
180.851713 79.993 153.7134
182.162239 79.963 153.8232
183.482262 79.934 153.9286
184.811850 79.905 154.0238
186.151073 79.876 154.1066
187.500000 79.848 154.1794
188.858702 79.821 154.2477
190.227250 79.796 154.3171
191.605715 79.771 154.3910
192.994169 79.748 154.4714
194.392685 79.724 154.5577
195.801334 79.701 154.6479
197.220191 79.678 154.7391
198.649330 79.655 154.8281
200.088825 79.631 154.9115
201.538751 79.608 154.9871
202.999184 79.585 155.0553
204.470200 79.563 155.1187
205.951875 79.542 155.1802
207.444287 79.522 155.2414
208.947514 79.502 155.3025
210.461634 79.482 155.3632
211.986726 79.461 155.4221
213.522869 79.440 155.4778
215.070144 79.417 155.5308
216.628631 79.394 155.5829
218.198411 79.369 155.6359
219.779567 79.344 155.6904
221.372180 79.318 155.7462
222.976334 79.291 155.8019
224.592112 79.265 155.8564
226.219600 79.238 155.9103
227.858880 79.210 155.9666
229.510039 79.183 156.0306
231.173164 79.156 156.1080
232.848340 79.129 156.2001
234.535655 79.102 156.3004
236.235197 79.074 156.3978
237.947054 79.045 156.4839
239.671317 79.015 156.5595
241.408074 78.983 156.6311
243.157416 78.953 156.6977
244.919435 78.926 156.7500
246.694223 78.901 156.7795
248.481871 78.879 156.7905
250.282473 78.857 156.8024
252.096123 78.836 156.8372
253.922915 78.816 156.9080
255.762945 78.794 157.0143
257.616309 78.773 157.1429
259.483103 78.751 157.2757
261.363424 78.728 157.3979
263.257372 78.704 157.5013
265.165043 78.679 157.5866
267.086538 78.653 157.6620
269.021957 78.626 157.7360
270.971401 78.599 157.8150
272.934972 78.572 157.9041
274.912771 78.545 158.0060
276.904902 78.520 158.1180
278.911469 78.495 158.2333
280.932577 78.471 158.3474
282.968330 78.445 158.4608
285.018835 78.418 158.5740
287.084199 78.390 158.6815
289.164530 78.363 158.7744
291.259935 78.337 158.8512
293.370525 78.312 158.9198
295.496408 78.287 158.9890
297.637697 78.262 159.0631
299.794503 78.236 159.1439
301.966937 78.209 159.2339
304.155114 78.182 159.3364
306.359147 78.154 159.4532
308.579152 78.128 159.5823
310.815244 78.103 159.7189
313.067539 78.081 159.8568
315.336156 78.060 159.9897
317.621211 78.041 160.1129
319.922826 78.022 160.2257
322.241118 78.002 160.3304
324.576210 77.981 160.4291
326.928223 77.959 160.5243
329.297280 77.935 160.6197
331.683504 77.910 160.7190
334.087019 77.885 160.8236
336.507952 77.859 160.9319
338.946427 77.833 161.0408
341.402572 77.807 161.1478
343.876516 77.781 161.2529
346.368387 77.755 161.3578
348.878315 77.729 161.4645
351.406431 77.703 161.5742
353.952867 77.678 161.6874
356.517756 77.653 161.8036
359.101230 77.629 161.9218
361.703426 77.604 162.0407
364.324478 77.580 162.1591
366.964523 77.556 162.2767
369.623699 77.533 162.3950
372.302145 77.510 162.5159
375.000000 77.488 162.6417
377.717405 77.466 162.7738
380.454501 77.443 162.9127
383.211431 77.421 163.0579
385.988339 77.397 163.2080
388.785369 77.373 163.3605
391.602668 77.349 163.5121
394.440383 77.325 163.6596
397.298660 77.300 163.8013
400.177650 77.276 163.9367
403.077502 77.252 164.0671
405.998368 77.228 164.1942
408.940400 77.203 164.3198
411.903750 77.178 164.4467
414.888575 77.153 164.5781
417.895028 77.127 164.7178
420.923268 77.102 164.8696
423.973452 77.077 165.0361
427.045738 77.052 165.2172
430.140287 77.029 165.4083
433.257261 77.007 165.6014
436.396822 76.986 165.7878
439.559133 76.967 165.9602
442.744360 76.948 166.1146
445.952668 76.928 166.2520
449.184225 76.906 166.3794
452.439199 76.882 166.5096
455.717760 76.856 166.6551
459.020079 76.831 166.8177
462.346327 76.807 166.9897
465.696680 76.783 167.1639
469.071310 76.760 167.3372
472.470394 76.736 167.5101
475.894109 76.713 167.6849
479.342634 76.689 167.8629
482.816148 76.666 168.0442
486.314833 76.643 168.2282
489.838871 76.620 168.4145
493.388445 76.598 168.6031
496.963741 76.575 168.7944
500.564945 76.552 168.9874
504.192245 76.529 169.1807
507.845830 76.505 169.3744
511.525890 76.481 169.5695
515.232618 76.457 169.7672
518.966206 76.433 169.9681
522.726849 76.409 170.1726
526.514743 76.386 170.3813
530.330086 76.362 170.5950
534.173076 76.339 170.8141
538.043915 76.316 171.0389
541.942803 76.293 171.2692
545.869944 76.271 171.5050
549.825542 76.249 171.7467
553.809805 76.227 171.9946
557.822939 76.206 172.2481
561.865154 76.185 172.5053
565.936660 76.165 172.7644
570.037671 76.145 173.0251
574.168399 76.128 173.2888
578.329060 76.112 173.5558
582.519870 76.098 173.8239
586.741049 76.085 174.0892
590.992817 76.072 174.3480
595.275394 76.059 174.5986
599.589005 76.046 174.8402
603.933874 76.032 175.0734
608.310228 76.017 175.3010
612.718295 76.002 175.5271
617.158304 75.986 175.7560
621.630488 75.970 175.9908
626.135079 75.953 176.2332
630.672311 75.936 176.4821
635.242423 75.920 176.7357
639.845651 75.903 176.9923
644.482237 75.886 177.2523
649.152421 75.869 177.5173
653.856447 75.853 177.7892
658.594560 75.836 178.0685
663.367008 75.820 178.3544
668.174039 75.804 178.6454
673.015903 75.788 178.9410
677.892854 75.773 179.2407
682.805145 75.758 179.5440
687.753032 75.743 179.8508
692.736774 75.729 -179.8385
697.756631 75.715 -179.5237
702.812863 75.701 -179.2049
707.905735 75.689 -178.8823
713.035511 75.677 -178.5563
718.202461 75.665 -178.2270
723.406852 75.654 -177.8944
728.648956 75.644 -177.5582
733.929047 75.635 -177.2185
739.247399 75.626 -176.8746
744.604290 75.618 -176.5253
750.000000 75.611 -176.1694
755.434809 75.605 -175.8067
760.909001 75.599 -175.4380
766.422861 75.594 -175.0652
771.976677 75.590 -174.6901
777.570739 75.587 -174.3131
783.205337 75.585 -173.9340
788.880766 75.583 -173.5522
794.597321 75.582 -173.1674
800.355301 75.582 -172.7789
806.155005 75.584 -172.3864
811.996736 75.587 -171.9892
817.880799 75.591 -171.5878
823.807501 75.597 -171.1841
829.777150 75.604 -170.7806
835.790057 75.612 -170.3792
841.846536 75.622 -169.9797
847.946903 75.633 -169.5807
854.091476 75.645 -169.1803
860.280575 75.658 -168.7769
866.514523 75.673 -168.3699
872.793644 75.688 -167.9597
879.118267 75.705 -167.5473
885.488720 75.724 -167.1341
891.905336 75.744 -166.7217
898.368450 75.765 -166.3119
904.878398 75.789 -165.9061
911.435520 75.815 -165.5047
918.040157 75.842 -165.1071
924.692655 75.871 -164.7123
931.393359 75.901 -164.3199
938.142619 75.933 -163.9305
944.940787 75.967 -163.5451
951.788218 76.002 -163.1656
958.685268 76.038 -162.7938
965.632296 76.076 -162.4311
972.629666 76.115 -162.0774
979.677741 76.156 -161.7327
986.776890 76.198 -161.3967
993.927482 76.242 -161.0694
1001.129891 76.288 -160.7510
1008.384491 76.336 -160.4415
1015.691660 76.385 -160.1423
1023.051781 76.436 -159.8554
1030.465236 76.489 -159.5828
1037.932411 76.543 -159.3262
1045.453698 76.598 -159.0868
1053.029486 76.655 -158.8663
1060.660172 76.714 -158.6663
1068.346153 76.774 -158.4900
1076.087829 76.836 -158.3426
1083.885605 76.900 -158.2313
1091.739887 76.964 -158.1649
1099.651084 77.028 -158.1532
1107.619609 77.090 -158.2066
1115.645878 77.146 -158.3340
1123.730308 77.192 -158.5379
1131.873321 77.223 -158.8081
1140.075341 77.232 -159.1138
1148.336797 77.218 -159.3996
1156.658119 77.179 -159.5895
1165.039741 77.122 -159.6061
1173.482099 77.060 -159.4005
1181.985634 77.007 -158.9781
1190.550789 76.975 -158.3999
1199.178011 76.971 -157.7552
1207.867749 76.993 -157.1270
1216.620457 77.035 -156.5707
1225.436590 77.091 -156.1115
1234.316609 77.155 -155.7520
1243.260976 77.220 -155.4824
1252.270157 77.286 -155.2876
1261.344623 77.349 -155.1524
1270.484846 77.409 -155.0639
1279.691303 77.465 -155.0126
1288.964474 77.517 -154.9920
1298.304842 77.563 -154.9977
1307.712894 77.605 -155.0261
1317.189120 77.640 -155.0734
1326.734016 77.670 -155.1352
1336.348077 77.694 -155.2057
1346.031806 77.711 -155.2778
1355.785708 77.721 -155.3436
1365.610290 77.724 -155.3947
1375.506065 77.721 -155.4225
1385.473549 77.713 -155.4187
1395.513261 77.699 -155.3759
1405.625726 77.682 -155.2885
1415.811469 77.662 -155.1533
1426.071023 77.643 -154.9701
1436.404921 77.625 -154.7417
1446.813703 77.609 -154.4732
1457.297912 77.598 -154.1714
1467.858093 77.590 -153.8435
1478.494798 77.587 -153.4963
1489.208581 77.589 -153.1356
1500.000000 77.595 -152.7666
1510.869618 77.606 -152.3939
1521.818002 77.620 -152.0222
1532.845723 77.637 -151.6556
1543.953355 77.657 -151.2969
1555.141477 77.679 -150.9473
1566.410674 77.702 -150.6065
1577.761531 77.726 -150.2737
1589.194642 77.752 -149.9477
1600.710601 77.778 -149.6276
1612.310010 77.805 -149.3127
1623.993473 77.833 -149.0024
1635.761599 77.861 -148.6967
1647.615002 77.889 -148.3946
1659.554299 77.917 -148.0950
1671.580114 77.946 -147.7964
1683.693072 77.974 -147.4974
1695.893807 78.002 -147.1971
1708.182952 78.030 -146.8946
1720.561150 78.058 -146.5889
1733.029045 78.085 -146.2790
1745.587288 78.113 -145.9635
1758.236533 78.140 -145.6409
1770.977440 78.167 -145.3092
1783.810673 78.194 -144.9666
1796.736900 78.221 -144.6114
1809.756796 78.248 -144.2416
1822.871040 78.275 -143.8544
1836.080315 78.304 -143.4467
1849.385310 78.334 -143.0152
1862.786718 78.366 -142.5576
1876.285239 78.402 -142.0730
1889.881575 78.443 -141.5626
1903.576436 78.489 -141.0300
1917.370535 78.543 -140.4813
1931.264593 78.605 -139.9259
1945.259332 78.675 -139.3769
1959.355483 78.754 -138.8498
1973.553781 78.841 -138.3601
1987.854965 78.932 -137.9198
2002.259781 79.027 -137.5344
2016.768981 79.123 -137.2025
2031.383320 79.218 -136.9172
2046.103561 79.311 -136.6684
2060.930471 79.400 -136.4450
2075.864823 79.488 -136.2372
2090.907395 79.573 -136.0384
2106.058972 79.657 -135.8451
2121.320344 79.741 -135.6574
2136.692305 79.824 -135.4777
2152.175658 79.909 -135.3093
2167.771210 79.993 -135.1551
2183.479774 80.078 -135.0168
2199.302169 80.162 -134.8946
2215.239219 80.244 -134.7871
2231.291755 80.325 -134.6917
2247.460615 80.404 -134.6055
2263.746641 80.482 -134.5253
2280.150683 80.557 -134.4480
2296.673595 80.631 -134.3712
2313.316238 80.703 -134.2928
2330.079481 80.774 -134.2116
2346.964198 80.844 -134.1265
2363.971268 80.914 -134.0370
2381.101578 80.984 -133.9429
2398.356022 81.054 -133.8441
2415.735498 81.124 -133.7411
2433.240913 81.194 -133.6342
2450.873180 81.265 -133.5242
2468.633217 81.337 -133.4119
2486.521951 81.409 -133.2984
2504.540314 81.482 -133.1843
2522.689246 81.556 -133.0700
2540.969692 81.631 -132.9556
2559.382606 81.706 -132.8412
2577.928947 81.783 -132.7271
2596.609683 81.861 -132.6132
2615.425787 81.940 -132.4999
2634.378241 82.020 -132.3875
2653.468031 82.101 -132.2766
2672.696154 82.184 -132.1675
2692.063613 82.269 -132.0609
2711.571415 82.355 -131.9579
2731.220579 82.443 -131.8602
2751.012130 82.533 -131.7698
2770.947098 82.626 -131.6893
2791.026522 82.721 -131.6214
2811.251451 82.817 -131.5690
2831.622938 82.915 -131.5351
2852.142045 83.014 -131.5217
2872.809842 83.113 -131.5295
2893.627406 83.212 -131.5576
2914.595823 83.311 -131.6038
2935.716186 83.408 -131.6652
2956.989596 83.505 -131.7386
2978.417161 83.601 -131.8209
3000.000000 83.696 -131.9100
3021.739237 83.791 -132.0043
3043.636005 83.886 -132.1030
3065.691446 83.981 -132.2057
3087.906710 84.077 -132.3127
3110.282955 84.174 -132.4254
3132.821347 84.272 -132.5460
3155.523062 84.371 -132.6777
3178.389283 84.472 -132.8240
3201.421202 84.575 -132.9879
3224.620020 84.678 -133.1719
3247.986946 84.782 -133.3778
3271.523198 84.887 -133.6071
3295.230004 84.991 -133.8604
3319.108599 85.094 -134.1379
3343.160228 85.197 -134.4386
3367.386145 85.298 -134.7616
3391.787613 85.399 -135.1060
3416.365904 85.498 -135.4710
3441.122300 85.596 -135.8562
3466.058091 85.692 -136.2610
3491.174576 85.787 -136.6849
3516.473066 85.880 -137.1267
3541.954880 85.971 -137.5845
3567.621345 86.060 -138.0562
3593.473800 86.145 -138.5408
3619.513592 86.227 -139.0381
3645.742080 86.305 -139.5479
3672.160630 86.381 -140.0695
3698.770620 86.453 -140.6019
3725.573436 86.522 -141.1441
3752.570477 86.589 -141.6952
3779.763150 86.652 -142.2539
3807.152872 86.712 -142.8192
3834.741071 86.769 -143.3902
3862.529185 86.824 -143.9661
3890.518664 86.875 -144.5465
3918.710966 86.924 -145.1310
3947.107561 86.969 -145.7194
3975.709929 87.012 -146.3116
4004.519563 87.052 -146.9070
4033.537962 87.089 -147.5049
4062.766641 87.123 -148.1041
4092.207123 87.153 -148.7034
4121.860942 87.181 -149.3016
4151.729646 87.205 -149.8977
4181.814790 87.225 -150.4906
4212.117944 87.243 -151.0793
4242.640687 87.257 -151.6628
4273.384610 87.267 -152.2394
4304.351317 87.275 -152.8071
4335.542421 87.279 -153.3638
4366.959549 87.280 -153.9070
4398.604338 87.278 -154.4348
4430.478438 87.274 -154.9455
4462.583511 87.268 -155.4383
4494.921231 87.260 -155.9131
4527.493283 87.252 -156.3703
4560.301365 87.242 -156.8112
4593.347189 87.233 -157.2373
4626.632476 87.223 -157.6505
4660.158962 87.212 -158.0522
4693.928395 87.202 -158.4431
4727.942535 87.191 -158.8238
4762.203156 87.180 -159.1940
4796.712043 87.169 -159.5533
4831.470996 87.157 -159.9012
4866.481826 87.146 -160.2374
4901.746360 87.135 -160.5622
4937.266434 87.125 -160.8765
4973.043902 87.116 -161.1818
5009.080628 87.108 -161.4798
5045.378492 87.101 -161.7725
5081.939384 87.096 -162.0620
5118.765212 87.092 -162.3502
5155.857894 87.089 -162.6386
5193.219366 87.088 -162.9283
5230.851574 87.087 -163.2204
5268.756481 87.088 -163.5155
5306.936062 87.088 -163.8143
5345.392309 87.090 -164.1175
5384.127225 87.092 -164.4249
5423.142830 87.094 -164.7361
5462.441159 87.096 -165.0506
5502.024259 87.098 -165.3680
5541.894195 87.100 -165.6883
5582.053045 87.103 -166.0115
5622.502902 87.105 -166.3377
5663.245876 87.108 -166.6675
5704.284090 87.110 -167.0010
5745.619684 87.113 -167.3386
5787.254813 87.115 -167.6805
5829.191647 87.118 -168.0268
5871.432373 87.120 -168.3781
5913.979192 87.123 -168.7345
5956.834323 87.125 -169.0961
6000.000000 87.127 -169.4626
6043.478473 87.128 -169.8336
6087.272010 87.129 -170.2084
6131.382892 87.129 -170.5866
6175.813420 87.129 -170.9683
6220.565910 87.129 -171.3539
6265.642695 87.128 -171.7438
6311.046124 87.126 -172.1381
6356.778566 87.124 -172.5367
6402.842404 87.120 -172.9392
6449.240040 87.116 -173.3441
6495.973891 87.110 -173.7494
6543.046396 87.103 -174.1518
6590.460007 87.094 -174.5471
6638.217197 87.084 -174.9306
6686.320456 87.073 -175.2973
6734.772290 87.062 -175.6417
6783.575226 87.052 -175.9590
6832.731809 87.044 -176.2446
6882.244600 87.041 -176.4964
6932.116181 87.043 -176.7150
6982.349153 87.053 -176.9061
7032.946133 87.074 -177.0796
7083.909760 87.106 -177.2492
7135.242690 87.152 -177.4310
7186.947600 87.210 -177.6422
7239.027185 87.282 -177.8999
7291.484160 87.367 -178.2206
7344.321260 87.463 -178.6189
7397.541239 87.569 -179.1078
7451.146872 87.684 -179.6981
7505.140954 87.806 179.6005
7559.526299 87.934 178.7790
7614.305743 88.065 177.8289
7669.482141 88.199 176.7415
7725.058371 88.333 175.5081
7781.037328 88.465 174.1202
7837.421932 88.593 172.5697
7894.215122 88.713 170.8493
7951.419859 88.822 168.9542
8009.039125 88.916 166.8835
8067.075924 88.990 164.6410
8125.533282 89.040 162.2363
8184.414245 89.061 159.6847
8243.721885 89.050 157.0071
8303.459292 89.002 154.2293
8363.629581 88.914 151.3821
8424.235888 88.784 148.5005
8485.281374 88.611 145.6228
8546.769221 88.393 142.7886
8608.702634 88.133 140.0378
8671.084842 87.831 137.4084
8733.919097 87.490 134.9348
8797.208675 87.114 132.6470
8860.956876 86.707 130.5692
8925.167022 86.275 128.7192
8989.842461 85.821 127.1089
9054.986566 85.350 125.7442
9120.602731 84.868 124.6260
9186.694378 84.378 123.7507
9253.264952 83.885 123.1104
9320.317925 83.391 122.6937
9387.856790 82.901 122.4864
9455.885071 82.417 122.4736
9524.406312 81.940 122.6411
9593.424086 81.473 122.9755
9662.941992 81.015 123.4656
9732.963653 80.567 124.1013
9803.492719 80.130 124.8738
9874.532869 79.704 125.7747
9946.087805 79.289 126.7957
10018.161257 78.887 127.9284
10090.756983 78.497 129.1649
10163.878768 78.119 130.4968
10237.530423 77.755 131.9170
10311.715789 77.403 133.4185
10386.438732 77.063 134.9952
10461.703149 76.737 136.6417
10537.512962 76.423 138.3532
10613.872125 76.122 140.1256
10690.784618 75.834 141.9553
10768.254450 75.559 143.8385
10846.285661 75.296 145.7708
10924.882318 75.047 147.7465
11004.048518 74.811 149.7596
11083.788390 74.588 151.8036
11164.106090 74.378 153.8727
11245.005805 74.180 155.9621
11326.491752 73.994 158.0685
11408.568180 73.820 160.1893
11491.239368 73.658 162.3227
11574.509626 73.508 164.4670
11658.383294 73.371 166.6206
11742.864745 73.245 168.7814
11827.958384 73.133 170.9468
11913.668646 73.034 173.1135
12000.000000 72.949 175.2775
12086.956947 72.878 177.4353
12174.544019 72.822 179.5826
12262.765784 72.783 -178.2863
12351.626840 72.759 -176.1787
12441.131819 72.753 -174.1036
12531.285389 72.763 -172.0712
12622.092249 72.792 -170.0932
12713.557132 72.838 -168.1823
12805.684808 72.903 -166.3521
12898.480079 72.985 -164.6162
12991.947783 73.084 -162.9876
13086.092792 73.200 -161.4775
13180.920015 73.332 -160.0961
13276.434395 73.480 -158.8546
13372.640911 73.643 -157.7669
13469.544580 73.822 -156.8510
13567.150452 74.017 -156.1286
13665.463617 74.225 -155.6244
13764.489200 74.445 -155.3638
13864.232362 74.674 -155.3717
13964.698305 74.907 -155.6709
14065.892266 75.138 -156.2787
14167.819519 75.360 -157.2053
14270.485380 75.565 -158.4522
14373.895200 75.746 -160.0103
14478.054370 75.892 -161.8589
14582.968320 75.996 -163.9627
14688.642520 76.049 -166.2706
14795.082478 76.044 -168.7155
14902.293745 75.977 -171.2172
15010.281908 75.848 -173.6885
15119.052599 75.660 -176.0446
15228.611486 75.418 -178.2110
15338.964283 75.131 179.8705
15450.116741 74.810 178.2386
15562.074656 74.462 176.9141
15674.843864 74.099 175.9024
15788.430244 73.726 175.1985
15902.839718 73.350 174.7921
16018.078250 72.976 174.6715
16134.151848 72.607 174.8260
16251.066563 72.245 175.2473
16368.828491 71.893 175.9283
16487.443769 71.554 176.8621
16606.918584 71.231 178.0403
16727.259161 70.926 179.4523
16848.471777 70.643 -178.9145
16970.562748 70.385 -177.0748
17093.538442 70.154 -175.0466
17217.405268 69.955 -172.8528
17342.169684 69.790 -170.5233
17467.838194 69.663 -168.0957
17594.417350 69.575 -165.6147
17721.913751 69.528 -163.1304
17850.334044 69.520 -160.6969
17979.684923 69.548 -158.3701
18109.973131 69.610 -156.2060
18241.205462 69.699 -154.2582
18373.388756 69.809 -152.5758
18506.529905 69.934 -151.2029
18640.635849 70.064 -150.1799
18775.713581 70.192 -149.5439
18911.770141 70.305 -149.3270
19048.812624 70.392 -149.5516
19186.848172 70.440 -150.2226
19325.883983 70.441 -151.3173
19465.927305 70.387 -152.7706
19606.985439 70.285 -154.4559
19749.065738 70.155 -156.1655
19892.175609 70.033 -157.6066
20036.322514 69.958 -158.4475
