* Measurement data measured by REW V5.31.3
* Source: Headset (2- CX31993 HIFI AUDIO), MICROPHONE (Master Volume), R, volume: 0.250
* Format: 256k Log Swept Sine, 1 sweep at -12.0 dBFS with no timing reference
* Dated: 12 11, 24 12:57:44 PM
* REW Settings:
*  C-weighting compensation: Off
*  Target level: 75.0 dB
* Note: ; 
* Measurement: QoA Mimosa L
* Smoothing: 1/12 octave
* Frequency Step: 96 ppo
* Start Frequency: 0.36621094 Hz
*
* Freq(Hz) SPL(dB) Phase(degrees)
0.366211 43.908 -12.4993
0.368865 43.917 -12.4503
0.371538 43.930 -12.3778
0.374230 43.945 -12.2880
0.376942 43.963 -12.1866
0.379673 43.982 -12.0776
0.382424 44.002 -11.9636
0.385196 44.022 -11.8462
0.387987 44.043 -11.7264
0.390798 44.064 -11.6046
0.393630 44.085 -11.4811
0.396483 44.106 -11.3560
0.399356 44.128 -11.2292
0.402250 44.150 -11.1009
0.405165 44.171 -10.9708
0.408101 44.193 -10.8390
0.411058 44.216 -10.7055
0.414037 44.238 -10.5701
0.417037 44.260 -10.4328
0.420059 44.283 -10.2935
0.423103 44.306 -10.1521
0.426169 44.329 -10.0087
0.429257 44.352 -9.8630
0.432368 44.375 -9.7151
0.435501 44.399 -9.5649
0.438656 44.422 -9.4122
0.441835 44.446 -9.2571
0.445037 44.470 -9.0994
0.448262 44.494 -8.9390
0.451510 44.519 -8.7760
0.454782 44.543 -8.6101
0.458077 44.568 -8.4414
0.461397 44.593 -8.2697
0.464740 44.618 -8.0950
0.468108 44.643 -7.9172
0.471500 44.668 -7.7362
0.474917 44.694 -7.5519
0.478358 44.720 -7.3642
0.481825 44.746 -7.1731
0.485316 44.772 -6.9785
0.488833 44.798 -6.7803
0.492375 44.825 -6.5784
0.495943 44.852 -6.3727
0.499537 44.879 -6.1632
0.503157 44.906 -5.9498
0.506803 44.933 -5.7324
0.510475 44.961 -5.5110
0.514175 44.988 -5.2854
0.517900 45.016 -5.0557
0.521653 45.044 -4.8217
0.525434 45.073 -4.5834
0.529241 45.101 -4.3407
0.533076 45.130 -4.0936
0.536939 45.159 -3.8420
0.540830 45.188 -3.5859
0.544749 45.217 -3.3253
0.548696 45.247 -3.0601
0.552673 45.277 -2.7902
0.556677 45.307 -2.5158
0.560711 45.337 -2.2367
0.564774 45.367 -1.9529
0.568867 45.398 -1.6645
0.572989 45.429 -1.3715
0.577141 45.460 -1.0738
0.581324 45.491 -0.7716
0.585536 45.523 -0.4648
0.589779 45.555 -0.1535
0.594053 45.587 0.1622
0.598358 45.619 0.4823
0.602694 45.652 0.8067
0.607061 45.684 1.1353
0.611460 45.717 1.4680
0.615891 45.751 1.8046
0.620354 45.784 2.1452
0.624849 45.818 2.4894
0.629377 45.852 2.8372
0.633938 45.886 3.1884
0.638532 45.920 3.5428
0.643159 45.955 3.9002
0.647819 45.990 4.2605
0.652514 46.025 4.6234
0.657242 46.060 4.9886
0.662005 46.096 5.3560
0.666802 46.132 5.7253
0.671634 46.168 6.0963
0.676501 46.205 6.4686
0.681403 46.242 6.8420
0.686341 46.279 7.2162
0.691314 46.316 7.5910
0.696324 46.354 7.9660
0.701370 46.393 8.3409
0.706452 46.433 8.7157
0.711571 46.474 9.0900
0.716728 46.517 9.4639
0.721921 46.564 9.8373
0.727153 46.616 10.2106
0.732422 46.674 10.5843
0.737729 46.740 10.9589
0.743075 46.812 11.3350
0.748460 46.891 11.7131
0.753883 46.975 12.0933
0.759346 47.063 12.4755
0.764849 47.154 12.8594
0.770391 47.250 13.2448
0.775974 47.348 13.6312
0.781597 47.449 14.0180
0.787261 47.553 14.4049
0.792966 47.660 14.7912
0.798712 47.770 15.1765
0.804500 47.882 15.5603
0.810329 47.997 15.9420
0.816201 48.115 16.3211
0.822116 48.236 16.6972
0.828073 48.359 17.0696
0.834074 48.485 17.4380
0.840118 48.613 17.8018
0.846206 48.744 18.1605
0.852338 48.877 18.5137
0.858514 49.013 18.8608
0.864735 49.151 19.2015
0.871001 49.292 19.5353
0.877313 49.434 19.8618
0.883670 49.579 20.1805
0.890074 49.726 20.4911
0.896524 49.875 20.7931
0.903020 50.027 21.0861
0.909564 50.179 21.3699
0.916155 50.334 21.6441
0.922794 50.491 21.9082
0.929481 50.649 22.1621
0.936216 50.809 22.4053
0.943000 50.970 22.6376
0.949834 51.132 22.8588
0.956717 51.296 23.0685
0.963649 51.461 23.2666
0.970632 51.626 23.4527
0.977666 51.793 23.6267
0.984750 51.961 23.7884
0.991886 52.128 23.9375
0.999074 52.297 24.0740
1.006314 52.466 24.1976
1.013606 52.634 24.3082
1.020951 52.803 24.4058
1.028349 52.972 24.4901
1.035801 53.140 24.5611
1.043307 53.308 24.6189
1.050867 53.475 24.6633
1.058482 53.641 24.6947
1.066152 53.807 24.7132
1.073878 53.971 24.7193
1.081660 54.134 24.7141
1.089498 54.297 24.6986
1.097393 54.458 24.6748
1.105345 54.620 24.6447
1.113355 54.781 24.6102
1.121423 54.943 24.5730
1.129549 55.105 24.5341
1.137734 55.268 24.4941
1.145979 55.432 24.4529
1.154283 55.596 24.4106
1.162647 55.762 24.3667
1.171072 55.928 24.3211
1.179558 56.095 24.2731
1.188106 56.262 24.2226
1.196715 56.431 24.1690
1.205387 56.600 24.1119
1.214122 56.769 24.0510
1.222920 56.940 23.9859
1.231782 57.111 23.9163
1.240708 57.282 23.8416
1.249699 57.454 23.7618
1.258754 57.627 23.6763
1.267876 57.800 23.5849
1.277063 57.973 23.4873
1.286318 58.147 23.3831
1.295639 58.321 23.2722
1.305027 58.495 23.1541
1.314484 58.670 23.0287
1.324009 58.845 22.8956
1.333604 59.019 22.7547
1.343268 59.194 22.6056
1.353002 59.369 22.4481
1.362806 59.544 22.2820
1.372681 59.719 22.1070
1.382628 59.894 21.9229
1.392647 60.068 21.7296
1.402739 60.242 21.5269
1.412904 60.416 21.3147
1.423142 60.590 21.0932
1.433455 60.763 20.8625
1.443843 60.935 20.6233
1.454305 61.107 20.3765
1.464844 61.278 20.1234
1.475459 61.449 19.8654
1.486150 61.619 19.6043
1.496920 61.789 19.3410
1.507767 61.957 19.0764
1.518693 62.126 18.8107
1.529698 62.293 18.5440
1.540783 62.461 18.2762
1.551948 62.627 18.0071
1.563194 62.793 17.7362
1.574521 62.959 17.4634
1.585931 63.124 17.1881
1.597423 63.288 16.9101
1.608999 63.452 16.6289
1.620658 63.616 16.3442
1.632402 63.779 16.0556
1.644232 63.942 15.7627
1.656146 64.104 15.4653
1.668147 64.266 15.1628
1.680235 64.428 14.8550
1.692411 64.589 14.5415
1.704675 64.750 14.2220
1.717028 64.911 13.8961
1.729470 65.072 13.5634
1.742003 65.232 13.2237
1.754626 65.392 12.8767
1.767341 65.553 12.5221
1.780147 65.713 12.1598
1.793047 65.873 11.7898
1.806040 66.033 11.4121
1.819128 66.192 11.0273
1.832310 66.351 10.6359
1.845587 66.510 10.2390
1.858961 66.668 9.8373
1.872432 66.826 9.4318
1.886001 66.983 9.0231
1.899667 67.139 8.6115
1.913433 67.294 8.1973
1.927299 67.449 7.7808
1.941265 67.603 7.3620
1.955332 67.756 6.9409
1.969501 67.908 6.5175
1.983773 68.060 6.0918
1.998148 68.211 5.6638
2.012627 68.361 5.2332
2.027212 68.511 4.8001
2.041902 68.660 4.3642
2.056698 68.809 3.9255
2.071602 68.957 3.4837
2.086614 69.105 3.0386
2.101734 69.253 2.5901
2.116964 69.400 2.1378
2.132304 69.547 1.6817
2.147756 69.694 1.2214
2.163320 69.840 0.7569
2.178996 69.986 0.2879
2.194786 70.132 -0.1855
2.210690 70.277 -0.6631
2.226710 70.421 -1.1449
2.242845 70.565 -1.6305
2.259098 70.708 -2.1196
2.275468 70.849 -2.6119
2.291957 70.990 -3.1069
2.308566 71.131 -3.6045
2.325295 71.270 -4.1044
2.342145 71.409 -4.6063
2.359117 71.546 -5.1101
2.376212 71.683 -5.6156
2.393431 71.820 -6.1227
2.410775 71.956 -6.6312
2.428244 72.091 -7.1411
2.445840 72.225 -7.6525
2.463564 72.359 -8.1652
2.481416 72.493 -8.6795
2.499397 72.626 -9.1953
2.517509 72.759 -9.7129
2.535752 72.891 -10.2327
2.554127 73.023 -10.7548
2.572635 73.154 -11.2796
2.591277 73.284 -11.8076
2.610055 73.413 -12.3387
2.628968 73.542 -12.8729
2.648019 73.670 -13.4101
2.667208 73.796 -13.9499
2.686535 73.922 -14.4920
2.706003 74.047 -15.0359
2.725612 74.171 -15.5813
2.745363 74.295 -16.1278
2.765257 74.418 -16.6750
2.785295 74.540 -17.2227
2.805478 74.661 -17.7705
2.825808 74.782 -18.3182
2.846285 74.902 -18.8657
2.866910 75.021 -19.4131
2.887685 75.141 -19.9603
2.908611 75.259 -20.5078
2.929688 75.377 -21.0559
2.950917 75.494 -21.6052
2.972301 75.611 -22.1561
2.993839 75.726 -22.7089
3.015534 75.841 -23.2636
3.037386 75.955 -23.8199
3.059396 76.068 -24.3777
3.081565 76.180 -24.9364
3.103896 76.291 -25.4957
3.126388 76.401 -26.0551
3.149043 76.511 -26.6142
3.171862 76.620 -27.1725
3.194847 76.729 -27.7298
3.217998 76.837 -28.2859
3.241317 76.945 -28.8407
3.264805 77.052 -29.3942
3.288463 77.158 -29.9469
3.312293 77.264 -30.4991
3.336295 77.369 -31.0513
3.360471 77.474 -31.6040
3.384822 77.577 -32.1573
3.409350 77.680 -32.7110
3.434056 77.782 -33.2651
3.458940 77.884 -33.8191
3.484005 77.984 -34.3728
3.509252 78.084 -34.9258
3.534681 78.184 -35.4776
3.560295 78.283 -36.0281
3.586094 78.381 -36.5769
3.612081 78.479 -37.1240
3.638255 78.577 -37.6694
3.664620 78.674 -38.2133
3.691175 78.771 -38.7562
3.717923 78.867 -39.2984
3.744864 78.962 -39.8401
3.772001 79.057 -40.3815
3.799335 79.151 -40.9225
3.826866 79.245 -41.4629
3.854597 79.338 -42.0025
3.882529 79.431 -42.5413
3.910664 79.523 -43.0788
3.939002 79.615 -43.6151
3.967546 79.707 -44.1499
3.996296 79.798 -44.6833
4.025255 79.889 -45.2153
4.054423 79.979 -45.7463
4.083804 80.069 -46.2764
4.113396 80.159 -46.8058
4.143204 80.248 -47.3346
4.173227 80.337 -47.8629
4.203468 80.425 -48.3907
4.233928 80.513 -48.9179
4.264609 80.600 -49.4444
4.295512 80.687 -49.9702
4.326639 80.774 -50.4952
4.357992 80.861 -51.0196
4.389572 80.947 -51.5433
4.421380 81.033 -52.0666
4.453419 81.119 -52.5895
4.485691 81.204 -53.1123
4.518196 81.289 -53.6350
4.550936 81.374 -54.1576
4.583914 81.458 -54.6800
4.617131 81.542 -55.2024
4.650589 81.626 -55.7246
4.684289 81.709 -56.2467
4.718233 81.792 -56.7687
4.752424 81.874 -57.2908
4.786862 81.957 -57.8130
4.821549 82.038 -58.3356
4.856488 82.120 -58.8586
4.891680 82.201 -59.3820
4.927127 82.282 -59.9057
4.962831 82.362 -60.4297
4.998794 82.442 -60.9539
5.035017 82.521 -61.4782
5.071503 82.601 -62.0027
5.108253 82.679 -62.5274
5.145270 82.758 -63.0525
5.182555 82.835 -63.5780
5.220110 82.913 -64.1041
5.257937 82.990 -64.6308
5.296038 83.066 -65.1578
5.334415 83.142 -65.6851
5.373071 83.218 -66.2125
5.412006 83.293 -66.7398
5.451224 83.367 -67.2671
5.490725 83.441 -67.7942
5.530514 83.515 -68.3214
5.570590 83.588 -68.8488
5.610957 83.660 -69.3764
5.651616 83.732 -69.9040
5.692570 83.804 -70.4315
5.733821 83.875 -70.9587
5.775370 83.945 -71.4854
5.817221 84.015 -72.0115
5.859375 84.085 -72.5370
5.901834 84.154 -73.0619
5.944602 84.222 -73.5864
5.987679 84.290 -74.1104
6.031068 84.358 -74.6339
6.074771 84.424 -75.1568
6.118792 84.491 -75.6788
6.163131 84.557 -76.1998
6.207792 84.623 -76.7199
6.252776 84.688 -77.2389
6.298086 84.753 -77.7570
6.343725 84.817 -78.2743
6.389694 84.881 -78.7907
6.435996 84.944 -79.3062
6.482634 85.007 -79.8208
6.529610 85.070 -80.3343
6.576926 85.132 -80.8468
6.624585 85.194 -81.3583
6.672590 85.256 -81.8689
6.720942 85.317 -82.3787
6.769645 85.378 -82.8876
6.818700 85.439 -83.3957
6.868111 85.499 -83.9031
6.917881 85.559 -84.4097
6.968010 85.618 -84.9157
7.018504 85.678 -85.4209
7.069362 85.737 -85.9257
7.120590 85.795 -86.4299
7.172189 85.854 -86.9336
7.224161 85.912 -87.4369
7.276511 85.969 -87.9398
7.329239 86.027 -88.4423
7.382350 86.084 -88.9445
7.435845 86.140 -89.4464
7.489729 86.197 -89.9482
7.544002 86.253 -90.4496
7.598669 86.308 -90.9509
7.653732 86.364 -91.4518
7.709194 86.418 -91.9525
7.765058 86.473 -92.4531
7.821327 86.527 -92.9534
7.878004 86.581 -93.4534
7.935091 86.634 -93.9532
7.992592 86.687 -94.4526
8.050510 86.739 -94.9515
8.108847 86.791 -95.4501
8.167607 86.843 -95.9481
8.226793 86.894 -96.4457
8.286408 86.945 -96.9428
8.346454 86.995 -97.4391
8.406936 87.045 -97.9347
8.467856 87.094 -98.4296
8.529218 87.143 -98.9236
8.591024 87.192 -99.4168
8.653278 87.240 -99.9091
8.715983 87.288 -100.4003
8.779143 87.335 -100.8906
8.842760 87.382 -101.3797
8.906839 87.429 -101.8678
8.971381 87.475 -102.3547
9.036392 87.520 -102.8405
9.101873 87.566 -103.3250
9.167829 87.611 -103.8084
9.234263 87.655 -104.2906
9.301178 87.700 -104.7715
9.368578 87.743 -105.2513
9.436467 87.787 -105.7298
9.504847 87.830 -106.2071
9.573723 87.873 -106.6833
9.643099 87.915 -107.1583
9.712976 87.958 -107.6321
9.783361 88.000 -108.1048
9.854255 88.041 -108.5764
9.925663 88.082 -109.0470
9.997588 88.123 -109.5165
10.070035 88.164 -109.9850
10.143007 88.204 -110.4524
10.216507 88.244 -110.9190
10.290540 88.284 -111.3846
10.365109 88.323 -111.8493
10.440219 88.362 -112.3131
10.515873 88.400 -112.7760
10.592076 88.439 -113.2382
10.668830 88.477 -113.6995
10.746141 88.514 -114.1600
10.824012 88.552 -114.6198
10.902447 88.589 -115.0787
10.981451 88.625 -115.5369
11.061027 88.661 -115.9944
11.141180 88.697 -116.4510
11.221913 88.733 -116.9068
11.303232 88.768 -117.3618
11.385140 88.803 -117.8160
11.467641 88.837 -118.2692
11.550741 88.871 -118.7216
11.634442 88.905 -119.1729
11.718750 88.938 -119.6233
11.803669 88.971 -120.0726
11.889203 89.003 -120.5207
11.975357 89.035 -120.9677
12.062136 89.067 -121.4135
12.149543 89.098 -121.8581
12.237583 89.129 -122.3014
12.326262 89.159 -122.7434
12.415583 89.190 -123.1842
12.505552 89.220 -123.6237
12.596172 89.249 -124.0620
12.687449 89.279 -124.4992
12.779387 89.308 -124.9352
12.871992 89.336 -125.3702
12.965268 89.365 -125.8043
13.059220 89.393 -126.2375
13.153852 89.421 -126.6700
13.249170 89.449 -127.1018
13.345179 89.476 -127.5331
13.441884 89.503 -127.9639
13.539289 89.530 -128.3942
13.637401 89.556 -128.8243
13.736223 89.583 -129.2540
13.835761 89.608 -129.6834
13.936021 89.634 -130.1125
14.037007 89.659 -130.5411
14.138725 89.684 -130.9694
14.241180 89.708 -131.3970
14.344377 89.732 -131.8240
14.448323 89.755 -132.2502
14.553021 89.778 -132.6755
14.658478 89.801 -133.0998
14.764700 89.823 -133.5229
14.871691 89.845 -133.9448
14.979457 89.866 -134.3655
15.088005 89.887 -134.7849
15.197339 89.908 -135.2029
15.307465 89.929 -135.6197
15.418389 89.949 -136.0353
15.530117 89.969 -136.4499
15.642655 89.989 -136.8634
15.756008 90.008 -137.2760
15.870182 90.027 -137.6879
15.985184 90.047 -138.0992
16.101019 90.065 -138.5098
16.217694 90.084 -138.9200
16.335214 90.102 -139.3297
16.453586 90.120 -139.7388
16.572815 90.137 -140.1473
16.692909 90.154 -140.5551
16.813872 90.171 -140.9620
16.935713 90.188 -141.3678
17.058436 90.204 -141.7723
17.182048 90.219 -142.1754
17.306556 90.234 -142.5770
17.431967 90.249 -142.9767
17.558286 90.264 -143.3746
17.685521 90.279 -143.7708
17.813677 90.293 -144.1651
17.942762 90.307 -144.5577
18.072783 90.321 -144.9488
18.203746 90.335 -145.3385
18.335658 90.348 -145.7272
18.468526 90.362 -146.1149
18.602356 90.375 -146.5021
18.737156 90.389 -146.8887
18.872934 90.402 -147.2750
19.009695 90.415 -147.6610
19.147447 90.427 -148.0467
19.286197 90.440 -148.4320
19.425953 90.452 -148.8168
19.566721 90.463 -149.2008
19.708510 90.474 -149.5838
19.851326 90.485 -149.9657
19.995177 90.496 -150.3461
20.140070 90.506 -150.7251
20.286013 90.516 -151.1025
20.433014 90.526 -151.4783
20.581080 90.535 -151.8527
20.730219 90.545 -152.2258
20.880439 90.554 -152.5980
21.031747 90.563 -152.9696
21.184152 90.572 -153.3407
21.337661 90.581 -153.7117
21.492282 90.589 -154.0828
21.648024 90.598 -154.4541
21.804895 90.606 -154.8256
21.962902 90.613 -155.1971
22.122054 90.620 -155.5685
22.282360 90.627 -155.9395
22.443827 90.633 -156.3098
22.606464 90.639 -156.6791
22.770280 90.644 -157.0470
22.935283 90.649 -157.4134
23.101481 90.653 -157.7781
23.268884 90.658 -158.1413
23.437500 90.661 -158.5029
23.607338 90.665 -158.8632
23.778406 90.669 -159.2225
23.950714 90.672 -159.5811
24.124271 90.675 -159.9392
24.299086 90.678 -160.2969
24.475167 90.680 -160.6543
24.652524 90.683 -161.0114
24.831166 90.684 -161.3679
25.011103 90.686 -161.7236
25.192344 90.686 -162.0781
25.374898 90.687 -162.4310
25.558775 90.687 -162.7821
25.743984 90.687 -163.1311
25.930536 90.686 -163.4780
26.118439 90.685 -163.8227
26.307704 90.684 -164.1655
26.498341 90.683 -164.5066
26.690359 90.682 -164.8465
26.883768 90.681 -165.1855
27.078579 90.680 -165.5238
27.274801 90.678 -165.8618
27.472446 90.677 -166.1995
27.671522 90.675 -166.5369
27.872042 90.672 -166.8737
28.074014 90.670 -167.2099
28.277450 90.667 -167.5449
28.482360 90.663 -167.8786
28.688755 90.660 -168.2106
28.896645 90.656 -168.5408
29.106042 90.651 -168.8689
29.316957 90.647 -169.1950
29.529400 90.642 -169.5190
29.743382 90.637 -169.8412
29.958915 90.632 -170.1617
30.176009 90.627 -170.4806
30.394677 90.622 -170.7983
30.614929 90.617 -171.1150
30.836778 90.612 -171.4310
31.060234 90.607 -171.7464
31.285309 90.601 -172.0614
31.512015 90.596 -172.3763
31.740364 90.590 -172.6910
31.970368 90.584 -173.0056
32.202039 90.578 -173.3201
32.435388 90.571 -173.6347
32.670428 90.565 -173.9492
32.907171 90.558 -174.2638
33.145630 90.551 -174.5783
33.385817 90.543 -174.8927
33.627745 90.535 -175.2068
33.871425 90.527 -175.5205
34.116871 90.518 -175.8334
34.364096 90.509 -176.1454
34.613113 90.500 -176.4564
34.863934 90.490 -176.7662
35.116572 90.480 -177.0750
35.371041 90.470 -177.3827
35.627354 90.460 -177.6893
35.885525 90.449 -177.9948
36.145566 90.437 -178.2989
36.407492 90.426 -178.6017
36.671316 90.414 -178.9027
36.937051 90.402 -179.2018
37.204712 90.390 -179.4991
37.474313 90.377 -179.7946
37.745867 90.364 179.9114
38.019389 90.351 179.6189
38.294893 90.338 179.3275
38.572394 90.325 179.0372
38.851905 90.311 178.7482
39.133442 90.297 178.4606
39.417019 90.282 178.1747
39.702651 90.268 177.8909
39.990353 90.253 177.6091
40.280140 90.237 177.3293
40.572026 90.222 177.0514
40.866028 90.206 176.7750
41.162160 90.191 176.5000
41.460438 90.175 176.2262
41.760877 90.159 175.9538
42.063494 90.142 175.6827
42.368303 90.126 175.4133
42.675322 90.109 175.1454
42.984565 90.093 174.8790
43.296048 90.076 174.6136
43.609789 90.059 174.3488
43.925804 90.043 174.0840
44.244108 90.026 173.8189
44.564719 90.009 173.5531
44.887654 89.992 173.2866
45.212928 89.975 173.0196
45.540560 89.958 172.7521
45.870565 89.940 172.4845
46.202962 89.922 172.2169
46.537768 89.903 171.9496
46.875000 89.884 171.6830
47.214676 89.865 171.4177
47.556813 89.845 171.1538
47.901429 89.825 170.8918
48.248542 89.804 170.6318
48.598171 89.783 170.3736
48.950334 89.762 170.1171
49.305048 89.741 169.8621
49.662333 89.719 169.6089
50.022206 89.697 169.3575
50.384688 89.675 169.1080
50.749796 89.652 168.8604
51.117550 89.630 168.6145
51.487969 89.607 168.3701
51.861072 89.583 168.1270
52.236879 89.560 167.8849
52.615409 89.536 167.6443
52.996681 89.512 167.4050
53.380717 89.488 167.1673
53.767536 89.463 166.9312
54.157158 89.438 166.6969
54.549603 89.413 166.4644
54.944892 89.388 166.2337
55.343045 89.362 166.0047
55.744084 89.336 165.7772
56.148028 89.310 165.5512
56.554900 89.283 165.3275
56.964720 89.256 165.1069
57.377510 89.228 164.8908
57.793291 89.201 164.6795
58.212085 89.174 164.4727
58.633914 89.147 164.2687
59.058799 89.120 164.0655
59.486764 89.095 163.8611
59.917829 89.069 163.6543
60.352019 89.044 163.4446
60.789354 89.018 163.2326
61.229859 88.992 163.0194
61.673556 88.965 162.8064
62.120468 88.939 162.5946
62.570618 88.912 162.3846
63.024031 88.884 162.1765
63.480729 88.857 161.9703
63.940736 88.829 161.7664
64.404077 88.801 161.5652
64.870776 88.772 161.3672
65.340856 88.743 161.1728
65.814343 88.714 160.9817
66.291261 88.684 160.7933
66.771635 88.654 160.6068
67.255489 88.623 160.4211
67.742850 88.592 160.2361
68.233743 88.560 160.0518
68.728193 88.527 159.8686
69.226226 88.494 159.6874
69.727867 88.460 159.5098
70.233144 88.425 159.3379
70.742083 88.391 159.1730
71.254709 88.357 159.0134
71.771050 88.326 158.8539
72.291132 88.296 158.6884
72.814984 88.267 158.5133
73.342631 88.237 158.3303
73.874102 88.208 158.1439
74.409424 88.177 157.9584
74.948626 88.146 157.7765
75.491734 88.115 157.5993
76.038779 88.083 157.4274
76.589787 88.051 157.2611
77.144788 88.019 157.1000
77.703811 87.986 156.9433
78.266885 87.953 156.7902
78.834039 87.920 156.6402
79.405303 87.887 156.4925
79.980706 87.853 156.3464
80.560280 87.819 156.2012
81.144053 87.784 156.0567
81.732056 87.749 155.9135
82.324320 87.715 155.7719
82.920876 87.680 155.6323
83.521755 87.645 155.4946
84.126988 87.610 155.3588
84.736607 87.575 155.2246
85.350643 87.541 155.0920
85.969129 87.506 154.9613
86.592097 87.471 154.8326
87.219579 87.436 154.7064
87.851608 87.400 154.5825
88.488217 87.365 154.4605
89.129439 87.329 154.3395
89.775308 87.293 154.2189
90.425856 87.257 154.0986
91.081119 87.220 153.9789
91.741131 87.184 153.8607
92.405925 87.147 153.7444
93.075536 87.110 153.6307
93.750000 87.074 153.5195
94.429351 87.037 153.4106
95.113625 87.001 153.3039
95.802858 86.964 153.1991
96.497085 86.928 153.0961
97.196342 86.891 152.9949
97.900667 86.854 152.8960
98.610096 86.817 152.7992
99.324665 86.779 152.7044
100.044413 86.742 152.6112
100.769376 86.704 152.5190
101.499592 86.667 152.4280
102.235100 86.629 152.3383
102.975938 86.592 152.2505
103.722144 86.554 152.1647
104.473757 86.516 152.0812
105.230817 86.478 151.9998
105.993363 86.439 151.9203
106.761435 86.401 151.8424
107.535072 86.363 151.7659
108.314315 86.324 151.6903
109.099206 86.286 151.6158
109.889783 86.248 151.5432
110.686090 86.210 151.4730
111.488167 86.172 151.4061
112.296056 86.133 151.3428
113.109800 86.095 151.2827
113.929440 86.056 151.2248
114.755020 86.017 151.1674
115.586582 85.977 151.1093
116.424170 85.936 151.0505
117.267827 85.895 150.9925
118.117598 85.852 150.9371
118.973527 85.810 150.8858
119.835658 85.769 150.8387
120.704037 85.728 150.7938
121.578708 85.689 150.7489
122.459718 85.651 150.7036
123.347111 85.613 150.6601
124.240935 85.575 150.6211
125.141236 85.537 150.5876
126.048061 85.500 150.5585
126.961458 85.462 150.5317
127.881473 85.425 150.5052
128.808154 85.387 150.4781
129.741551 85.349 150.4503
130.681712 85.311 150.4224
131.628686 85.272 150.3951
132.582521 85.232 150.3700
133.543269 85.191 150.3486
134.510979 85.150 150.3312
135.485701 85.109 150.3171
136.467486 85.068 150.3046
137.456386 85.026 150.2924
138.452451 84.985 150.2803
139.455735 84.943 150.2692
140.466288 84.902 150.2599
141.484165 84.860 150.2537
142.509418 84.819 150.2513
143.542100 84.777 150.2531
144.582265 84.734 150.2596
145.629968 84.692 150.2711
146.685262 84.649 150.2873
147.748204 84.607 150.3074
148.818849 84.564 150.3308
149.897251 84.521 150.3574
150.983469 84.478 150.3879
152.077557 84.435 150.4232
153.179574 84.392 150.4641
154.289576 84.349 150.5112
155.407622 84.306 150.5656
156.533770 84.262 150.6284
157.668078 84.219 150.7012
158.810606 84.176 150.7846
159.961413 84.133 150.8781
161.120559 84.090 150.9810
162.288105 84.049 151.0927
163.464112 84.008 151.2128
164.648640 83.968 151.3407
165.841752 83.930 151.4756
167.043510 83.894 151.6172
168.253976 83.860 151.7650
169.473213 83.828 151.9181
170.701286 83.799 152.0749
171.938258 83.772 152.2338
173.184194 83.747 152.3934
174.439158 83.724 152.5525
175.703216 83.703 152.7097
176.976434 83.685 152.8615
178.258878 83.670 153.0034
179.550615 83.656 153.1300
180.851713 83.645 153.2371
182.162239 83.634 153.3224
183.482262 83.624 153.3863
184.811850 83.613 153.4290
186.151073 83.602 153.4496
187.500000 83.590 153.4472
188.858702 83.577 153.4235
190.227250 83.562 153.3824
191.605715 83.545 153.3300
192.994169 83.525 153.2716
194.392685 83.502 153.2114
195.801334 83.476 153.1525
197.220191 83.445 153.0979
198.649330 83.412 153.0507
200.088825 83.376 153.0124
201.538751 83.339 152.9840
202.999184 83.301 152.9663
204.470200 83.264 152.9598
205.951875 83.226 152.9643
207.444287 83.188 152.9787
208.947514 83.150 153.0018
210.461634 83.113 153.0330
211.986726 83.075 153.0715
213.522869 83.038 153.1163
215.070144 83.000 153.1661
216.628631 82.963 153.2203
218.198411 82.926 153.2785
219.779567 82.889 153.3411
221.372180 82.852 153.4084
222.976334 82.815 153.4803
224.592112 82.779 153.5564
226.219600 82.744 153.6360
227.858880 82.709 153.7189
229.510039 82.674 153.8045
231.173164 82.640 153.8923
232.848340 82.606 153.9817
234.535655 82.573 154.0723
236.235197 82.540 154.1647
237.947054 82.508 154.2587
239.671317 82.476 154.3537
241.408074 82.444 154.4487
243.157416 82.412 154.5431
244.919435 82.379 154.6368
246.694223 82.346 154.7309
248.481871 82.313 154.8275
250.282473 82.281 154.9290
252.096123 82.248 155.0360
253.922915 82.215 155.1476
255.762945 82.182 155.2629
257.616309 82.150 155.3808
259.483103 82.118 155.4991
261.363424 82.087 155.6160
263.257372 82.055 155.7305
265.165043 82.024 155.8427
267.086538 81.993 155.9537
269.021957 81.962 156.0648
270.971401 81.931 156.1766
272.934972 81.901 156.2893
274.912771 81.870 156.4035
276.904902 81.840 156.5203
278.911469 81.809 156.6410
280.932577 81.780 156.7672
282.968330 81.751 156.8998
285.018835 81.722 157.0391
287.084199 81.692 157.1827
289.164530 81.662 157.3285
291.259935 81.631 157.4757
293.370525 81.599 157.6255
295.496408 81.568 157.7801
297.637697 81.537 157.9412
299.794503 81.506 158.1080
301.966937 81.477 158.2767
304.155114 81.448 158.4423
306.359147 81.419 158.6006
308.579152 81.390 158.7507
310.815244 81.361 158.8965
313.067539 81.331 159.0463
315.336156 81.300 159.2085
317.621211 81.270 159.3875
319.922826 81.241 159.5832
322.241118 81.213 159.7928
324.576210 81.187 160.0128
326.928223 81.162 160.2393
329.297280 81.141 160.4684
331.683504 81.122 160.6967
334.087019 81.106 160.9205
336.507952 81.092 161.1356
338.946427 81.080 161.3357
341.402572 81.070 161.5156
343.876516 81.060 161.6736
346.368387 81.050 161.8113
348.878315 81.039 161.9317
351.406431 81.026 162.0387
353.952867 81.013 162.1376
356.517756 80.997 162.2339
359.101230 80.980 162.3323
361.703426 80.962 162.4352
364.324478 80.942 162.5435
366.964523 80.921 162.6576
369.623699 80.899 162.7778
372.302145 80.876 162.9039
375.000000 80.853 163.0356
377.717405 80.829 163.1729
380.454501 80.806 163.3157
383.211431 80.782 163.4635
385.988339 80.758 163.6163
388.785369 80.735 163.7741
391.602668 80.712 163.9367
394.440383 80.689 164.1032
397.298660 80.666 164.2725
400.177650 80.644 164.4435
403.077502 80.622 164.6160
405.998368 80.600 164.7898
408.940400 80.578 164.9653
411.903750 80.557 165.1425
414.888575 80.536 165.3210
417.895028 80.515 165.5001
420.923268 80.494 165.6794
423.973452 80.474 165.8593
427.045738 80.454 166.0403
430.140287 80.434 166.2231
433.257261 80.415 166.4080
436.396822 80.395 166.5948
439.559133 80.376 166.7834
442.744360 80.357 166.9733
445.952668 80.338 167.1643
449.184225 80.319 167.3564
452.439199 80.300 167.5497
455.717760 80.282 167.7445
459.020079 80.264 167.9407
462.346327 80.246 168.1381
465.696680 80.228 168.3365
469.071310 80.211 168.5358
472.470394 80.193 168.7363
475.894109 80.176 168.9379
479.342634 80.159 169.1411
482.816148 80.142 169.3458
486.314833 80.126 169.5524
489.838871 80.110 169.7604
493.388445 80.094 169.9699
496.963741 80.078 170.1807
500.564945 80.062 170.3927
504.192245 80.046 170.6061
507.845830 80.031 170.8213
511.525890 80.015 171.0383
515.232618 80.000 171.2570
518.966206 79.985 171.4770
522.726849 79.970 171.6981
526.514743 79.956 171.9200
530.330086 79.942 172.1427
534.173076 79.927 172.3662
538.043915 79.914 172.5913
541.942803 79.900 172.8186
545.869944 79.887 173.0486
549.825542 79.874 173.2809
553.809805 79.861 173.5151
557.822939 79.849 173.7506
561.865154 79.837 173.9871
565.936660 79.824 174.2247
570.037671 79.812 174.4637
574.168399 79.801 174.7047
578.329060 79.789 174.9474
582.519870 79.778 175.1921
586.741049 79.766 175.4385
590.992817 79.755 175.6866
595.275394 79.745 175.9367
599.589005 79.734 176.1888
603.933874 79.724 176.4432
608.310228 79.715 176.6996
612.718295 79.705 176.9579
617.158304 79.696 177.2181
621.630488 79.688 177.4804
626.135079 79.679 177.7452
630.672311 79.671 178.0125
635.242423 79.663 178.2822
639.845651 79.655 178.5541
644.482237 79.648 178.8281
649.152421 79.641 179.1043
653.856447 79.634 179.3825
658.594560 79.628 179.6627
663.367008 79.622 179.9451
668.174039 79.616 -179.7702
673.015903 79.611 -179.4831
677.892854 79.606 -179.1932
682.805145 79.602 -178.9005
687.753032 79.598 -178.6049
692.736774 79.595 -178.3065
697.756631 79.592 -178.0053
702.812863 79.590 -177.7012
707.905735 79.588 -177.3942
713.035511 79.587 -177.0842
718.202461 79.586 -176.7711
723.406852 79.586 -176.4548
728.648956 79.586 -176.1353
733.929047 79.587 -175.8129
739.247399 79.589 -175.4878
744.604290 79.591 -175.1601
750.000000 79.594 -174.8297
755.434809 79.598 -174.4965
760.909001 79.603 -174.1605
766.422861 79.608 -173.8216
771.976677 79.614 -173.4798
777.570739 79.621 -173.1351
783.205337 79.629 -172.7876
788.880766 79.638 -172.4374
794.597321 79.648 -172.0846
800.355301 79.658 -171.7295
806.155005 79.670 -171.3721
811.996736 79.683 -171.0124
817.880799 79.696 -170.6505
823.807501 79.711 -170.2863
829.777150 79.728 -169.9201
835.790057 79.745 -169.5525
841.846536 79.764 -169.1843
847.946903 79.783 -168.8158
854.091476 79.805 -168.4470
860.280575 79.827 -168.0776
866.514523 79.851 -167.7072
872.793644 79.877 -167.3360
879.118267 79.904 -166.9645
885.488720 79.932 -166.5935
891.905336 79.962 -166.2241
898.368450 79.994 -165.8570
904.878398 80.027 -165.4926
911.435520 80.061 -165.1312
918.040157 80.098 -164.7729
924.692655 80.136 -164.4181
931.393359 80.175 -164.0672
938.142619 80.216 -163.7205
944.940787 80.259 -163.3789
951.788218 80.303 -163.0432
958.685268 80.349 -162.7142
965.632296 80.397 -162.3928
972.629666 80.446 -162.0797
979.677741 80.496 -161.7755
986.776890 80.548 -161.4803
993.927482 80.601 -161.1947
1001.129891 80.656 -160.9191
1008.384491 80.712 -160.6540
1015.691660 80.768 -160.4002
1023.051781 80.826 -160.1582
1030.465236 80.885 -159.9282
1037.932411 80.945 -159.7107
1045.453698 81.005 -159.5061
1053.029486 81.066 -159.3150
1060.660172 81.127 -159.1378
1068.346153 81.188 -158.9746
1076.087829 81.250 -158.8255
1083.885605 81.311 -158.6903
1091.739887 81.372 -158.5688
1099.651084 81.434 -158.4604
1107.619609 81.494 -158.3647
1115.645878 81.554 -158.2811
1123.730308 81.614 -158.2090
1131.873321 81.673 -158.1479
1140.075341 81.731 -158.0971
1148.336797 81.789 -158.0564
1156.658119 81.845 -158.0254
1165.039741 81.901 -158.0038
1173.482099 81.955 -157.9909
1181.985634 82.009 -157.9861
1190.550789 82.061 -157.9885
1199.178011 82.112 -157.9973
1207.867749 82.162 -158.0115
1216.620457 82.210 -158.0303
1225.436590 82.258 -158.0531
1234.316609 82.304 -158.0794
1243.260976 82.348 -158.1087
1252.270157 82.392 -158.1406
1261.344623 82.433 -158.1743
1270.484846 82.474 -158.2092
1279.691303 82.513 -158.2443
1288.964474 82.551 -158.2784
1298.304842 82.587 -158.3099
1307.712894 82.621 -158.3369
1317.189120 82.654 -158.3572
1326.734016 82.686 -158.3682
1336.348077 82.717 -158.3672
1346.031806 82.747 -158.3508
1355.785708 82.776 -158.3154
1365.610290 82.807 -158.2579
1375.506065 82.839 -158.1774
1385.473549 82.876 -158.0776
1395.513261 82.917 -157.9685
1405.625726 82.965 -157.8655
1415.811469 83.017 -157.7851
1426.071023 83.072 -157.7392
1436.404921 83.128 -157.7323
1446.813703 83.183 -157.7605
1457.297912 83.235 -157.8154
1467.858093 83.284 -157.8868
1478.494798 83.329 -157.9655
1489.208581 83.371 -158.0447
1500.000000 83.410 -158.1200
1510.869618 83.447 -158.1893
1521.818002 83.483 -158.2515
1532.845723 83.518 -158.3067
1543.953355 83.552 -158.3554
1555.141477 83.586 -158.3980
1566.410674 83.619 -158.4350
1577.761531 83.653 -158.4670
1589.194642 83.687 -158.4948
1600.710601 83.720 -158.5190
1612.310010 83.754 -158.5399
1623.993473 83.789 -158.5580
1635.761599 83.823 -158.5737
1647.615002 83.858 -158.5872
1659.554299 83.893 -158.5987
1671.580114 83.929 -158.6087
1683.693072 83.965 -158.6175
1695.893807 84.001 -158.6253
1708.182952 84.038 -158.6321
1720.561150 84.075 -158.6381
1733.029045 84.113 -158.6436
1745.587288 84.151 -158.6488
1758.236533 84.190 -158.6543
1770.977440 84.230 -158.6602
1783.810673 84.269 -158.6669
1796.736900 84.310 -158.6743
1809.756796 84.351 -158.6826
1822.871040 84.392 -158.6918
1836.080315 84.434 -158.7020
1849.385310 84.477 -158.7134
1862.786718 84.521 -158.7261
1876.285239 84.565 -158.7404
1889.881575 84.609 -158.7567
1903.576436 84.654 -158.7751
1917.370535 84.700 -158.7960
1931.264593 84.746 -158.8193
1945.259332 84.794 -158.8453
1959.355483 84.841 -158.8741
1973.553781 84.890 -158.9059
1987.854965 84.939 -158.9410
2002.259781 84.988 -158.9796
2016.768981 85.039 -159.0217
2031.383320 85.090 -159.0676
2046.103561 85.141 -159.1176
2060.930471 85.194 -159.1723
2075.864823 85.247 -159.2320
2090.907395 85.300 -159.2968
2106.058972 85.354 -159.3669
2121.320344 85.409 -159.4420
2136.692305 85.465 -159.5224
2152.175658 85.521 -159.6084
2167.771210 85.577 -159.7002
2183.479774 85.635 -159.7983
2199.302169 85.692 -159.9031
2215.239219 85.751 -160.0149
2231.291755 85.809 -160.1338
2247.460615 85.869 -160.2601
2263.746641 85.929 -160.3938
2280.150683 85.989 -160.5352
2296.673595 86.050 -160.6846
2313.316238 86.111 -160.8422
2330.079481 86.172 -161.0085
2346.964198 86.234 -161.1835
2363.971268 86.296 -161.3676
2381.101578 86.358 -161.5610
2398.356022 86.421 -161.7640
2415.735498 86.483 -161.9770
2433.240913 86.546 -162.2002
2450.873180 86.609 -162.4337
2468.633217 86.671 -162.6776
2486.521951 86.733 -162.9316
2504.540314 86.795 -163.1957
2522.689246 86.856 -163.4696
2540.969692 86.917 -163.7529
2559.382606 86.977 -164.0449
2577.928947 87.037 -164.3447
2596.609683 87.096 -164.6513
2615.425787 87.154 -164.9631
2634.378241 87.212 -165.2788
2653.468031 87.269 -165.5967
2672.696154 87.326 -165.9153
2692.063613 87.383 -166.2331
2711.571415 87.440 -166.5490
2731.220579 87.499 -166.8631
2751.012130 87.560 -167.1766
2770.947098 87.624 -167.4927
2791.026522 87.691 -167.8165
2811.251451 87.761 -168.1546
2831.622938 87.836 -168.5149
2852.142045 87.914 -168.9059
2872.809842 87.994 -169.3352
2893.627406 88.077 -169.8087
2914.595823 88.160 -170.3302
2935.716186 88.242 -170.9018
2956.989596 88.323 -171.5232
2978.417161 88.401 -172.1927
3000.000000 88.474 -172.9073
3021.739237 88.543 -173.6628
3043.636005 88.606 -174.4545
3065.691446 88.664 -175.2769
3087.906710 88.715 -176.1245
3110.282955 88.759 -176.9921
3132.821347 88.798 -177.8748
3155.523062 88.830 -178.7683
3178.389283 88.856 -179.6691
3201.421202 88.876 179.4257
3224.620020 88.891 178.5182
3247.986946 88.901 177.6102
3271.523198 88.906 176.7026
3295.230004 88.906 175.7964
3319.108599 88.902 174.8923
3343.160228 88.893 173.9905
3367.386145 88.880 173.0915
3391.787613 88.863 172.1955
3416.365904 88.842 171.3027
3441.122300 88.816 170.4134
3466.058091 88.787 169.5279
3491.174576 88.753 168.6471
3516.473066 88.715 167.7719
3541.954880 88.673 166.9034
3567.621345 88.627 166.0428
3593.473800 88.577 165.1913
3619.513592 88.522 164.3501
3645.742080 88.463 163.5203
3672.160630 88.401 162.7029
3698.770620 88.335 161.8989
3725.573436 88.265 161.1093
3752.570477 88.191 160.3347
3779.763150 88.114 159.5756
3807.152872 88.034 158.8323
3834.741071 87.951 158.1053
3862.529185 87.864 157.3945
3890.518664 87.774 156.7002
3918.710966 87.682 156.0224
3947.107561 87.586 155.3614
3975.709929 87.487 154.7175
4004.519563 87.384 154.0914
4033.537962 87.278 153.4846
4062.766641 87.169 152.8988
4092.207123 87.056 152.3367
4121.860942 86.938 151.8019
4151.729646 86.818 151.2985
4181.814790 86.693 150.8315
4212.117944 86.566 150.4058
4242.640687 86.436 150.0256
4273.384610 86.305 149.6940
4304.351317 86.174 149.4120
4335.542421 86.045 149.1780
4366.959549 85.917 148.9883
4398.604338 85.792 148.8377
4430.478438 85.671 148.7198
4462.583511 85.553 148.6283
4494.921231 85.440 148.5575
4527.493283 85.329 148.5026
4560.301365 85.222 148.4601
4593.347189 85.118 148.4280
4626.632476 85.016 148.4056
4660.158962 84.915 148.3931
4693.928395 84.816 148.3916
4727.942535 84.719 148.4031
4762.203156 84.623 148.4296
4796.712043 84.528 148.4731
4831.470996 84.435 148.5356
4866.481826 84.344 148.6185
4901.746360 84.255 148.7226
4937.266434 84.169 148.8482
4973.043902 84.086 148.9952
5009.080628 84.007 149.1628
5045.378492 83.931 149.3502
5081.939384 83.859 149.5564
5118.765212 83.793 149.7803
5155.857894 83.730 150.0207
5193.219366 83.673 150.2765
5230.851574 83.622 150.5466
5268.756481 83.576 150.8295
5306.936062 83.536 151.1240
5345.392309 83.502 151.4286
5384.127225 83.475 151.7420
5423.142830 83.455 152.0629
5462.441159 83.442 152.3898
5502.024259 83.437 152.7209
5541.894195 83.440 153.0542
5582.053045 83.453 153.3870
5622.502902 83.474 153.7159
5663.245876 83.506 154.0366
5704.284090 83.549 154.3435
5745.619684 83.602 154.6301
5787.254813 83.667 154.8889
5829.191647 83.744 155.1117
5871.432373 83.832 155.2902
5913.979192 83.931 155.4168
5956.834323 84.041 155.4856
6000.000000 84.161 155.4929
6043.478473 84.291 155.4372
6087.272010 84.433 155.3169
6131.382892 84.589 155.1260
6175.813420 84.760 154.8488
6220.565910 84.947 154.4563
6265.642695 85.152 153.9076
6311.046124 85.368 153.1574
6356.778566 85.590 152.1678
6402.842404 85.808 150.9188
6449.240040 86.011 149.4140
6495.973891 86.190 147.6818
6543.046396 86.336 145.7708
6590.460007 86.445 143.7435
6638.217197 86.517 141.6689
6686.320456 86.552 139.6151
6734.772290 86.557 137.6423
6783.575226 86.539 135.7977
6832.731809 86.508 134.1111
6882.244600 86.476 132.5933
6932.116181 86.452 131.2356
6982.349153 86.447 130.0116
7032.946133 86.470 128.8796
7083.909760 86.527 127.7874
7135.242690 86.622 126.6752
7186.947600 86.757 125.4805
7239.027185 86.933 124.1408
7291.484160 87.148 122.5956
7344.321260 87.399 120.7880
7397.541239 87.679 118.6658
7451.146872 87.984 116.1819
7505.140954 88.305 113.2958
7559.526299 88.634 109.9749
7614.305743 88.960 106.1960
7669.482141 89.271 101.9475
7725.058371 89.557 97.2317
7781.037328 89.806 92.0655
7837.421932 90.007 86.4809
7894.215122 90.149 80.5240
7951.419859 90.226 74.2534
8009.039125 90.230 67.7363
8067.075924 90.160 61.0464
8125.533282 90.013 54.2608
8184.414245 89.791 47.4574
8243.721885 89.497 40.7138
8303.459292 89.137 34.1052
8363.629581 88.719 27.7020
8424.235888 88.255 21.5660
8485.281374 87.757 15.7465
8546.769221 87.242 10.2761
8608.702634 86.728 5.1696
8671.084842 86.233 0.4229
8733.919097 85.775 -3.9849
8797.208675 85.368 -8.0891
8860.956876 85.028 -11.9363
8925.167022 84.763 -15.5814
8989.842461 84.579 -19.0849
9054.986566 84.480 -22.5094
9120.602731 84.464 -25.9174
9186.694378 84.523 -29.3679
9253.264952 84.648 -32.9131
9320.317925 84.827 -36.5952
9387.856790 85.046 -40.4426
9455.885071 85.289 -44.4678
9524.406312 85.541 -48.6665
9593.424086 85.791 -53.0178
9662.941992 86.026 -57.4886
9732.963653 86.238 -62.0361
9803.492719 86.424 -66.6129
9874.532869 86.579 -71.1713
9946.087805 86.705 -75.6668
10018.161257 86.804 -80.0614
10090.756983 86.879 -84.3267
10163.878768 86.935 -88.4453
10237.530423 86.978 -92.4121
10311.715789 87.013 -96.2333
10386.438732 87.045 -99.9250
10461.703149 87.076 -103.5129
10537.512962 87.110 -107.0288
10613.872125 87.146 -110.5095
10690.784618 87.183 -113.9931
10768.254450 87.218 -117.5153
10846.285661 87.245 -121.1053
10924.882318 87.257 -124.7815
11004.048518 87.247 -128.5496
11083.788390 87.206 -132.4006
11164.106090 87.129 -136.3124
11245.005805 87.009 -140.2513
11326.491752 86.843 -144.1754
11408.568180 86.628 -148.0379
11491.239368 86.366 -151.7911
11574.509626 86.058 -155.3894
11658.383294 85.708 -158.7916
11742.864745 85.320 -161.9630
11827.958384 84.901 -164.8767
11913.668646 84.457 -167.5139
12000.000000 83.995 -169.8634
12086.956947 83.521 -171.9218
12174.544019 83.042 -173.6915
12262.765784 82.564 -175.1806
12351.626840 82.093 -176.4013
12441.131819 81.632 -177.3688
12531.285389 81.186 -178.1001
12622.092249 80.758 -178.6132
12713.557132 80.351 -178.9260
12805.684808 79.967 -179.0562
12898.480079 79.608 -179.0206
12991.947783 79.274 -178.8354
13086.092792 78.968 -178.5156
13180.920015 78.691 -178.0756
13276.434395 78.443 -177.5293
13372.640911 78.225 -176.8906
13469.544580 78.039 -176.1746
13567.150452 77.887 -175.3979
13665.463617 77.769 -174.5796
13764.489200 77.686 -173.7397
13864.232362 77.639 -172.8987
13964.698305 77.626 -172.0769
14065.892266 77.648 -171.2941
14167.819519 77.702 -170.5722
14270.485380 77.789 -169.9355
14373.895200 77.907 -169.4108
14478.054370 78.054 -169.0245
14582.968320 78.228 -168.8011
14688.642520 78.427 -168.7651
14795.082478 78.651 -168.9490
14902.293745 78.898 -169.4052
15010.281908 79.162 -170.2099
15119.052599 79.433 -171.4473
15228.611486 79.690 -173.1780
15338.964283 79.912 -175.4177
15450.116741 80.079 -178.1332
15562.074656 80.169 178.7491
15674.843864 80.168 175.3345
15788.430244 80.065 171.7496
15902.839718 79.855 168.1328
16018.078250 79.539 164.6191
16134.151848 79.125 161.3245
16251.066563 78.623 158.3304
16368.828491 78.047 155.6793
16487.443769 77.408 153.3847
16606.918584 76.714 151.4511
16727.259161 75.973 149.8832
16848.471777 75.193 148.6809
16970.562748 74.382 147.8295
17093.538442 73.550 147.2932
17217.405268 72.705 147.0157
17342.169684 71.854 146.9234
17467.838194 71.001 146.9301
17594.417350 70.151 146.9421
17721.913751 69.302 146.8615
17850.334044 68.452 146.5892
17979.684923 67.600 146.0259
18109.973131 66.740 145.0722
18241.205462 65.865 143.6285
18373.388756 64.969 141.5942
18506.529905 64.046 138.8678
18640.635849 63.087 135.3470
18775.713581 62.086 130.9270
18911.770141 61.038 125.4947
19048.812624 59.939 118.9204
19186.848172 58.788 111.0443
19325.883983 57.592 101.6573
19465.927305 56.367 90.5274
19606.985439 55.151 77.6027
19749.065738 54.022 63.6404
19892.175609 53.111 51.0386
20036.322514 52.589 43.4080
