* Measurement data measured by REW V5.31.3
* Source: Headset (CX31993 HIFI AUDIO), MICROPHONE (Master Volume), R, volume: 0.250
* Format: 256k Log Swept Sine, 1 sweep at -12.0 dBFS with no timing reference
* Dated: 12 31, 24 1:02:21 PM
* REW Settings:
*  C-weighting compensation: Off
*  Target level: 75.0 dB
* Note: ; 
* Measurement: Sony LB 1K MAX L
* Smoothing: 1/12 octave
* Frequency Step: 96 ppo
* Start Frequency: 0.36621094 Hz
*
* Freq(Hz) SPL(dB) Phase(degrees)
0.366211 36.349 -37.9186
0.368865 36.351 -38.0004
0.371538 36.354 -38.1225
0.374230 36.358 -38.2751
0.376942 36.362 -38.4497
0.379673 36.367 -38.6400
0.382424 36.372 -38.8421
0.385196 36.377 -39.0534
0.387987 36.382 -39.2725
0.390798 36.387 -39.4987
0.393630 36.392 -39.7315
0.396483 36.397 -39.9708
0.399356 36.402 -40.2166
0.402250 36.407 -40.4690
0.405165 36.412 -40.7280
0.408101 36.418 -40.9936
0.411058 36.423 -41.2660
0.414037 36.428 -41.5453
0.417037 36.434 -41.8316
0.420059 36.439 -42.1250
0.423103 36.445 -42.4255
0.426169 36.450 -42.7333
0.429257 36.456 -43.0485
0.432368 36.461 -43.3712
0.435501 36.467 -43.7015
0.438656 36.472 -44.0395
0.441835 36.478 -44.3852
0.445037 36.484 -44.7389
0.448262 36.490 -45.1006
0.451510 36.496 -45.4703
0.454782 36.501 -45.8483
0.458077 36.507 -46.2345
0.461397 36.513 -46.6292
0.464740 36.519 -47.0324
0.468108 36.525 -47.4441
0.471500 36.531 -47.8645
0.474917 36.538 -48.2937
0.478358 36.544 -48.7318
0.481825 36.550 -49.1788
0.485316 36.556 -49.6349
0.488833 36.563 -50.1001
0.492375 36.569 -50.5745
0.495943 36.575 -51.0581
0.499537 36.582 -51.5512
0.503157 36.588 -52.0536
0.506803 36.595 -52.5655
0.510475 36.601 -53.0870
0.514175 36.608 -53.6181
0.517900 36.615 -54.1588
0.521653 36.622 -54.7093
0.525434 36.628 -55.2695
0.529241 36.635 -55.8395
0.533076 36.642 -56.4193
0.536939 36.649 -57.0089
0.540830 36.656 -57.6084
0.544749 36.663 -58.2178
0.548696 36.670 -58.8370
0.552673 36.677 -59.4661
0.556677 36.684 -60.1051
0.560711 36.692 -60.7540
0.564774 36.699 -61.4126
0.568867 36.706 -62.0811
0.572989 36.714 -62.7593
0.577141 36.721 -63.4472
0.581324 36.729 -64.1447
0.585536 36.736 -64.8518
0.589779 36.744 -65.5684
0.594053 36.752 -66.2944
0.598358 36.759 -67.0297
0.602694 36.767 -67.7743
0.607061 36.775 -68.5279
0.611460 36.783 -69.2905
0.615891 36.791 -70.0620
0.620354 36.799 -70.8422
0.624849 36.807 -71.6309
0.629377 36.815 -72.4281
0.633938 36.823 -73.2335
0.638532 36.831 -74.0470
0.643159 36.840 -74.8683
0.647819 36.848 -75.6974
0.652514 36.857 -76.5340
0.657242 36.865 -77.3779
0.662005 36.874 -78.2290
0.666802 36.882 -79.0869
0.671634 36.891 -79.9516
0.676501 36.900 -80.8227
0.681403 36.909 -81.7001
0.686341 36.918 -82.5835
0.691314 36.927 -83.4728
0.696324 36.936 -84.3676
0.701370 36.946 -85.2678
0.706452 36.957 -86.1731
0.711571 36.969 -87.0834
0.716728 36.983 -87.9984
0.721921 37.001 -88.9179
0.727153 37.023 -89.8417
0.732422 37.052 -90.7695
0.737729 37.089 -91.7010
0.743075 37.133 -92.6358
0.748460 37.182 -93.5734
0.753883 37.238 -94.5131
0.759346 37.297 -95.4544
0.764849 37.360 -96.3966
0.770391 37.426 -97.3391
0.775974 37.495 -98.2811
0.781597 37.567 -99.2220
0.787261 37.642 -100.1613
0.792966 37.720 -101.0983
0.798712 37.800 -102.0323
0.804500 37.883 -102.9629
0.810329 37.968 -103.8895
0.816201 38.056 -104.8116
0.822116 38.146 -105.7286
0.828073 38.239 -106.6402
0.834074 38.335 -107.5460
0.840118 38.432 -108.4454
0.846206 38.533 -109.3382
0.852338 38.635 -110.2240
0.858514 38.740 -111.1026
0.864735 38.847 -111.9736
0.871001 38.957 -112.8368
0.877313 39.068 -113.6921
0.883670 39.182 -114.5392
0.890074 39.297 -115.3780
0.896524 39.415 -116.2084
0.903020 39.534 -117.0303
0.909564 39.656 -117.8437
0.916155 39.779 -118.6485
0.922794 39.904 -119.4446
0.929481 40.030 -120.2322
0.936216 40.158 -121.0112
0.943000 40.287 -121.7817
0.949834 40.418 -122.5438
0.956717 40.549 -123.2975
0.963649 40.682 -124.0431
0.970632 40.816 -124.7805
0.977666 40.951 -125.5100
0.984750 41.086 -126.2317
0.991886 41.223 -126.9457
0.999074 41.359 -127.6523
1.006314 41.496 -128.3516
1.013606 41.633 -129.0439
1.020951 41.771 -129.7293
1.028349 41.908 -130.4081
1.035801 42.045 -131.0805
1.043307 42.181 -131.7467
1.050867 42.317 -132.4069
1.058482 42.452 -133.0613
1.066152 42.587 -133.7101
1.073878 42.720 -134.3535
1.081660 42.853 -134.9915
1.089498 42.985 -135.6240
1.097393 43.116 -136.2510
1.105345 43.248 -136.8722
1.113355 43.379 -137.4873
1.121423 43.511 -138.0961
1.129549 43.644 -138.6985
1.137734 43.777 -139.2942
1.145979 43.912 -139.8834
1.154283 44.047 -140.4660
1.162647 44.183 -141.0421
1.171072 44.321 -141.6118
1.179558 44.459 -142.1752
1.188106 44.598 -142.7323
1.196715 44.738 -143.2834
1.205387 44.879 -143.8286
1.214122 45.021 -144.3678
1.222920 45.164 -144.9013
1.231782 45.307 -145.4292
1.240708 45.451 -145.9516
1.249699 45.596 -146.4687
1.258754 45.742 -146.9805
1.267876 45.888 -147.4872
1.277063 46.034 -147.9890
1.286318 46.182 -148.4859
1.295639 46.329 -148.9781
1.305027 46.477 -149.4657
1.314484 46.626 -149.9489
1.324009 46.775 -150.4278
1.333604 46.924 -150.9025
1.343268 47.073 -151.3731
1.353002 47.223 -151.8399
1.362806 47.372 -152.3028
1.372681 47.522 -152.7621
1.382628 47.671 -153.2178
1.392647 47.821 -153.6701
1.402739 47.970 -154.1190
1.412904 48.119 -154.5647
1.423142 48.268 -155.0072
1.433455 48.416 -155.4465
1.443843 48.564 -155.8824
1.454305 48.712 -156.3148
1.464844 48.859 -156.7434
1.475459 49.006 -157.1678
1.486150 49.152 -157.5877
1.496920 49.298 -158.0029
1.507767 49.444 -158.4134
1.518693 49.589 -158.8193
1.529698 49.734 -159.2207
1.540783 49.879 -159.6179
1.551948 50.024 -160.0111
1.563194 50.168 -160.4008
1.574521 50.312 -160.7871
1.585931 50.456 -161.1705
1.597423 50.600 -161.5512
1.608999 50.743 -161.9295
1.620658 50.887 -162.3057
1.632402 51.030 -162.6801
1.644232 51.173 -163.0531
1.656146 51.316 -163.4249
1.668147 51.459 -163.7957
1.680235 51.602 -164.1660
1.692411 51.745 -164.5358
1.704675 51.887 -164.9056
1.717028 52.030 -165.2755
1.729470 52.173 -165.6458
1.742003 52.316 -166.0168
1.754626 52.459 -166.3886
1.767341 52.602 -166.7614
1.780147 52.745 -167.1353
1.793047 52.889 -167.5105
1.806040 53.032 -167.8867
1.819128 53.176 -168.2638
1.832310 53.319 -168.6414
1.845587 53.463 -169.0190
1.858961 53.606 -169.3962
1.872432 53.749 -169.7726
1.886001 53.892 -170.1478
1.899667 54.034 -170.5219
1.913433 54.176 -170.8948
1.927299 54.317 -171.2666
1.941265 54.458 -171.6373
1.955332 54.599 -172.0072
1.969501 54.740 -172.3762
1.983773 54.880 -172.7446
1.998148 55.021 -173.1126
2.012627 55.160 -173.4802
2.027212 55.300 -173.8477
2.041902 55.440 -174.2152
2.056698 55.579 -174.5828
2.071602 55.719 -174.9508
2.086614 55.858 -175.3193
2.101734 55.998 -175.6885
2.116964 56.137 -176.0584
2.132304 56.277 -176.4293
2.147756 56.416 -176.8011
2.163320 56.556 -177.1739
2.178996 56.695 -177.5475
2.194786 56.835 -177.9218
2.210690 56.974 -178.2964
2.226710 57.114 -178.6710
2.242845 57.253 -179.0454
2.259098 57.392 -179.4194
2.275468 57.530 -179.7931
2.291957 57.668 179.8336
2.308566 57.806 179.4606
2.325295 57.943 179.0877
2.342145 58.080 178.7148
2.359117 58.217 178.3417
2.376212 58.354 177.9681
2.393431 58.491 177.5940
2.410775 58.627 177.2192
2.428244 58.763 176.8433
2.445840 58.899 176.4664
2.463564 59.035 176.0881
2.481416 59.171 175.7083
2.499397 59.307 175.3270
2.517509 59.443 174.9440
2.535752 59.579 174.5594
2.554127 59.714 174.1733
2.572635 59.850 173.7859
2.591277 59.985 173.3975
2.610055 60.121 173.0084
2.628968 60.255 172.6187
2.648019 60.390 172.2285
2.667208 60.524 171.8376
2.686535 60.658 171.4462
2.706003 60.792 171.0539
2.725612 60.925 170.6607
2.745363 61.058 170.2664
2.765257 61.191 169.8707
2.785295 61.324 169.4736
2.805478 61.456 169.0747
2.825808 61.588 168.6739
2.846285 61.720 168.2711
2.866910 61.852 167.8660
2.887685 61.984 167.4586
2.908611 62.116 167.0490
2.929688 62.247 166.6371
2.950917 62.378 166.2231
2.972301 62.509 165.8074
2.993839 62.640 165.3899
3.015534 62.770 164.9709
3.037386 62.900 164.5503
3.059396 63.029 164.1282
3.081565 63.158 163.7046
3.103896 63.287 163.2793
3.126388 63.416 162.8523
3.149043 63.544 162.4234
3.171862 63.671 161.9926
3.194847 63.799 161.5597
3.217998 63.926 161.1245
3.241317 64.053 160.6870
3.264805 64.180 160.2470
3.288463 64.306 159.8045
3.312293 64.432 159.3595
3.336295 64.557 158.9120
3.360471 64.682 158.4622
3.384822 64.807 158.0102
3.409350 64.931 157.5561
3.434056 65.054 157.0999
3.458940 65.178 156.6417
3.484005 65.300 156.1816
3.509252 65.422 155.7196
3.534681 65.544 155.2557
3.560295 65.665 154.7897
3.586094 65.786 154.3216
3.612081 65.906 153.8513
3.638255 66.026 153.3786
3.664620 66.145 152.9033
3.691175 66.263 152.4253
3.717923 66.381 151.9445
3.744864 66.498 151.4610
3.772001 66.615 150.9750
3.799335 66.731 150.4867
3.826866 66.846 149.9964
3.854597 66.961 149.5044
3.882529 67.075 149.0109
3.910664 67.188 148.5161
3.939002 67.300 148.0203
3.967546 67.412 147.5232
3.996296 67.523 147.0249
4.025255 67.634 146.5250
4.054423 67.743 146.0233
4.083804 67.852 145.5197
4.113396 67.960 145.0139
4.143204 68.067 144.5062
4.173227 68.173 143.9970
4.203468 68.279 143.4867
4.233928 68.383 142.9758
4.264609 68.487 142.4647
4.295512 68.590 141.9538
4.326639 68.692 141.4432
4.357992 68.793 140.9330
4.389572 68.893 140.4231
4.421380 68.992 139.9130
4.453419 69.091 139.4024
4.485691 69.188 138.8912
4.518196 69.284 138.3798
4.550936 69.380 137.8684
4.583914 69.474 137.3576
4.617131 69.568 136.8481
4.650589 69.661 136.3404
4.684289 69.752 135.8350
4.718233 69.843 135.3321
4.752424 69.933 134.8316
4.786862 70.022 134.3334
4.821549 70.110 133.8370
4.856488 70.198 133.3425
4.891680 70.284 132.8498
4.927127 70.369 132.3594
4.962831 70.454 131.8718
4.998794 70.537 131.3876
5.035017 70.620 130.9072
5.071503 70.703 130.4311
5.108253 70.784 129.9594
5.145270 70.865 129.4921
5.182555 70.945 129.0290
5.220110 71.024 128.5699
5.257937 71.103 128.1149
5.296038 71.181 127.6639
5.334415 71.259 127.2173
5.373071 71.336 126.7754
5.412006 71.412 126.3384
5.451224 71.488 125.9068
5.490725 71.564 125.4805
5.530514 71.640 125.0595
5.570590 71.715 124.6438
5.610957 71.790 124.2330
5.651616 71.865 123.8271
5.692570 71.939 123.4258
5.733821 72.014 123.0291
5.775370 72.088 122.6370
5.817221 72.163 122.2494
5.859375 72.238 121.8664
5.901834 72.312 121.4879
5.944602 72.387 121.1136
5.987679 72.462 120.7435
6.031068 72.537 120.3770
6.074771 72.613 120.0136
6.118792 72.688 119.6530
6.163131 72.764 119.2948
6.207792 72.841 118.9387
6.252776 72.918 118.5845
6.298086 72.995 118.2322
6.343725 73.072 117.8815
6.389694 73.150 117.5318
6.435996 73.228 117.1828
6.482634 73.307 116.8338
6.529610 73.386 116.4843
6.576926 73.465 116.1339
6.624585 73.545 115.7824
6.672590 73.624 115.4296
6.720942 73.705 115.0754
6.769645 73.785 114.7195
6.818700 73.866 114.3613
6.868111 73.946 114.0007
6.917881 74.027 113.6371
6.968010 74.108 113.2704
7.018504 74.189 112.9004
7.069362 74.269 112.5271
7.120590 74.350 112.1505
7.172189 74.430 111.7705
7.224161 74.510 111.3872
7.276511 74.590 111.0004
7.329239 74.670 110.6100
7.382350 74.749 110.2162
7.435845 74.827 109.8190
7.489729 74.905 109.4186
7.544002 74.983 109.0153
7.598669 75.060 108.6094
7.653732 75.136 108.2011
7.709194 75.211 107.7907
7.765058 75.286 107.3782
7.821327 75.360 106.9639
7.878004 75.433 106.5483
7.935091 75.506 106.1317
7.992592 75.577 105.7146
8.050510 75.648 105.2974
8.108847 75.718 104.8803
8.167607 75.787 104.4635
8.226793 75.855 104.0474
8.286408 75.923 103.6323
8.346454 75.990 103.2187
8.406936 76.056 102.8068
8.467856 76.122 102.3969
8.529218 76.186 101.9892
8.591024 76.251 101.5838
8.653278 76.314 101.1808
8.715983 76.378 100.7805
8.779143 76.440 100.3829
8.842760 76.503 99.9881
8.906839 76.565 99.5961
8.971381 76.627 99.2068
9.036392 76.689 98.8201
9.101873 76.750 98.4358
9.167829 76.811 98.0538
9.234263 76.873 97.6740
9.301178 76.934 97.2961
9.368578 76.995 96.9198
9.436467 77.056 96.5449
9.504847 77.117 96.1709
9.573723 77.179 95.7977
9.643099 77.240 95.4249
9.712976 77.301 95.0523
9.783361 77.362 94.6796
9.854255 77.424 94.3063
9.925663 77.485 93.9323
9.997588 77.547 93.5574
10.070035 77.608 93.1813
10.143007 77.669 92.8039
10.216507 77.730 92.4250
10.290540 77.791 92.0446
10.365109 77.851 91.6625
10.440219 77.912 91.2788
10.515873 77.972 90.8934
10.592076 78.032 90.5064
10.668830 78.091 90.1179
10.746141 78.150 89.7280
10.824012 78.209 89.3367
10.902447 78.267 88.9442
10.981451 78.325 88.5507
11.061027 78.383 88.1562
11.141180 78.440 87.7610
11.221913 78.496 87.3651
11.303232 78.552 86.9686
11.385140 78.608 86.5717
11.467641 78.663 86.1745
11.550741 78.718 85.7770
11.634442 78.772 85.3793
11.718750 78.826 84.9815
11.803669 78.879 84.5837
11.889203 78.932 84.1860
11.975357 78.985 83.7883
12.062136 79.037 83.3909
12.149543 79.088 82.9939
12.237583 79.139 82.5973
12.326262 79.190 82.2014
12.415583 79.240 81.8063
12.505552 79.290 81.4124
12.596172 79.339 81.0196
12.687449 79.388 80.6284
12.779387 79.436 80.2389
12.871992 79.484 79.8513
12.965268 79.532 79.4658
13.059220 79.579 79.0825
13.153852 79.626 78.7014
13.249170 79.673 78.3225
13.345179 79.720 77.9457
13.441884 79.767 77.5707
13.539289 79.814 77.1972
13.637401 79.860 76.8248
13.736223 79.907 76.4530
13.835761 79.955 76.0813
13.936021 80.002 75.7091
14.037007 80.049 75.3358
14.138725 80.096 74.9610
14.241180 80.143 74.5844
14.344377 80.190 74.2055
14.448323 80.237 73.8244
14.553021 80.283 73.4412
14.658478 80.328 73.0563
14.764700 80.373 72.6701
14.871691 80.417 72.2834
14.979457 80.461 71.8972
15.088005 80.503 71.5124
15.197339 80.545 71.1299
15.307465 80.586 70.7508
15.418389 80.626 70.3759
15.530117 80.666 70.0057
15.642655 80.706 69.6406
15.756008 80.746 69.2804
15.870182 80.787 68.9245
15.985184 80.827 68.5721
16.101019 80.869 68.2217
16.217694 80.911 67.8718
16.335214 80.954 67.5205
16.453586 80.998 67.1658
16.572815 81.042 66.8059
16.692909 81.086 66.4394
16.813872 81.131 66.0652
16.935713 81.174 65.6827
17.058436 81.218 65.2924
17.182048 81.259 64.8951
17.306556 81.299 64.4925
17.431967 81.338 64.0870
17.558286 81.374 63.6814
17.685521 81.408 63.2787
17.813677 81.440 62.8819
17.942762 81.471 62.4935
18.072783 81.501 62.1157
18.203746 81.529 61.7496
18.335658 81.558 61.3953
18.468526 81.587 61.0517
18.602356 81.617 60.7168
18.737156 81.648 60.3876
18.872934 81.680 60.0605
19.009695 81.714 59.7317
19.147447 81.749 59.3979
19.286197 81.783 59.0565
19.425953 81.818 58.7061
19.566721 81.851 58.3470
19.708510 81.883 57.9811
19.851326 81.912 57.6121
19.995177 81.938 57.2449
20.140070 81.961 56.8856
20.286013 81.981 56.5404
20.433014 81.999 56.2154
20.581080 82.016 55.9151
20.730219 82.032 55.6425
20.880439 82.050 55.3979
21.031747 82.071 55.1789
21.184152 82.095 54.9802
21.337661 82.124 54.7940
21.492282 82.159 54.6111
21.648024 82.198 54.4213
21.804895 82.242 54.2151
21.962902 82.290 53.9843
22.122054 82.340 53.7234
22.282360 82.390 53.4297
22.443827 82.439 53.1041
22.606464 82.486 52.7502
22.770280 82.530 52.3739
22.935283 82.569 51.9830
23.101481 82.604 51.5855
23.268884 82.636 51.1891
23.437500 82.664 50.8000
23.607338 82.689 50.4228
23.778406 82.713 50.0595
23.950714 82.736 49.7100
24.124271 82.760 49.3724
24.299086 82.784 49.0437
24.475167 82.809 48.7201
24.652524 82.834 48.3983
24.831166 82.861 48.0757
25.011103 82.887 47.7507
25.192344 82.914 47.4228
25.374898 82.940 47.0923
25.558775 82.966 46.7598
25.743984 82.992 46.4262
25.930536 83.017 46.0916
26.118439 83.043 45.7560
26.307704 83.068 45.4185
26.498341 83.093 45.0783
26.690359 83.118 44.7346
26.883768 83.142 44.3873
27.078579 83.165 44.0370
27.274801 83.187 43.6852
27.472446 83.208 43.3344
27.671522 83.228 42.9873
27.872042 83.246 42.6465
28.074014 83.264 42.3140
28.277450 83.281 41.9908
28.482360 83.299 41.6763
28.688755 83.317 41.3691
28.896645 83.336 41.0665
29.106042 83.356 40.7657
29.316957 83.377 40.4638
29.529400 83.399 40.1585
29.743382 83.421 39.8486
29.958915 83.442 39.5337
30.176009 83.463 39.2143
30.394677 83.483 38.8919
30.614929 83.502 38.5682
30.836778 83.519 38.2450
31.060234 83.536 37.9242
31.285309 83.551 37.6073
31.512015 83.565 37.2955
31.740364 83.579 36.9897
31.970368 83.593 36.6900
32.202039 83.606 36.3962
32.435388 83.619 36.1071
32.670428 83.633 35.8213
32.907171 83.647 35.5367
33.145630 83.662 35.2515
33.385817 83.677 34.9639
33.627745 83.691 34.6728
33.871425 83.706 34.3777
34.116871 83.720 34.0792
34.364096 83.733 33.7780
34.613113 83.746 33.4753
34.863934 83.757 33.1725
35.116572 83.769 32.8702
35.371041 83.780 32.5692
35.627354 83.790 32.2698
35.885525 83.800 31.9721
36.145566 83.810 31.6762
36.407492 83.820 31.3823
36.671316 83.830 31.0905
36.937051 83.840 30.8010
37.204712 83.850 30.5136
37.474313 83.860 30.2281
37.745867 83.871 29.9440
38.019389 83.882 29.6609
38.294893 83.893 29.3782
38.572394 83.904 29.0959
38.851905 83.915 28.8139
39.133442 83.926 28.5324
39.417019 83.937 28.2519
39.702651 83.948 27.9726
39.990353 83.959 27.6949
40.280140 83.969 27.4189
40.572026 83.980 27.1444
40.866028 83.990 26.8708
41.162160 84.000 26.5972
41.460438 84.009 26.3223
41.760877 84.018 26.0457
42.063494 84.026 25.7676
42.368303 84.033 25.4901
42.675322 84.038 25.2159
42.984565 84.042 24.9484
43.296048 84.045 24.6899
43.609789 84.047 24.4408
43.925804 84.051 24.1982
44.244108 84.055 23.9576
44.564719 84.060 23.7137
44.887654 84.066 23.4623
45.212928 84.071 23.2024
45.540560 84.075 22.9357
45.870565 84.077 22.6658
46.202962 84.079 22.3966
46.537768 84.080 22.1306
46.875000 84.081 21.8677
47.214676 84.082 21.6063
47.556813 84.083 21.3442
47.901429 84.085 21.0802
48.248542 84.086 20.8140
48.598171 84.088 20.5463
48.950334 84.089 20.2781
49.305048 84.090 20.0100
49.662333 84.091 19.7424
50.022206 84.092 19.4760
50.384688 84.092 19.2113
50.749796 84.093 18.9495
51.117550 84.092 18.6915
51.487969 84.092 18.4382
51.861072 84.091 18.1898
52.236879 84.090 17.9462
52.615409 84.089 17.7072
52.996681 84.088 17.4722
53.380717 84.087 17.2401
53.767536 84.086 17.0098
54.157158 84.085 16.7797
54.549603 84.083 16.5487
54.944892 84.081 16.3162
55.343045 84.079 16.0818
55.744084 84.075 15.8452
56.148028 84.072 15.6060
56.554900 84.067 15.3641
56.964720 84.061 15.1199
57.377510 84.055 14.8746
57.793291 84.048 14.6303
58.212085 84.040 14.3892
58.633914 84.032 14.1533
59.058799 84.024 13.9235
59.486764 84.017 13.6991
59.917829 84.012 13.4781
60.352019 84.007 13.2579
60.789354 84.004 13.0361
61.229859 84.001 12.8110
61.673556 83.998 12.5822
62.120468 83.995 12.3500
62.570618 83.991 12.1168
63.024031 83.985 11.8861
63.480729 83.977 11.6622
63.940736 83.968 11.4489
64.404077 83.958 11.2477
64.870776 83.947 11.0596
65.340856 83.935 10.8850
65.814343 83.925 10.7232
66.291261 83.917 10.5681
66.771635 83.912 10.4059
67.255489 83.909 10.2188
67.742850 83.907 9.9954
68.233743 83.902 9.7376
68.728193 83.892 9.4601
69.226226 83.878 9.1799
69.727867 83.861 8.9084
70.233144 83.842 8.6506
70.742083 83.822 8.4095
71.254709 83.802 8.1877
71.771050 83.784 7.9850
72.291132 83.768 7.7949
72.814984 83.755 7.6078
73.342631 83.744 7.4161
73.874102 83.733 7.2192
74.409424 83.721 7.0208
74.948626 83.709 6.8248
75.491734 83.695 6.6331
76.038779 83.681 6.4457
76.589787 83.666 6.2625
77.144788 83.650 6.0842
77.703811 83.633 5.9108
78.266885 83.616 5.7403
78.834039 83.599 5.5698
79.405303 83.581 5.3971
79.980706 83.564 5.2222
80.560280 83.546 5.0464
81.144053 83.527 4.8719
81.732056 83.508 4.7001
82.324320 83.489 4.5317
82.920876 83.470 4.3674
83.521755 83.451 4.2074
84.126988 83.432 4.0513
84.736607 83.413 3.8975
85.350643 83.394 3.7441
85.969129 83.375 3.5901
86.592097 83.354 3.4361
87.219579 83.333 3.2834
87.851608 83.311 3.1331
88.488217 83.289 2.9852
89.129439 83.267 2.8385
89.775308 83.244 2.6913
90.425856 83.222 2.5428
91.081119 83.199 2.3933
91.741131 83.176 2.2440
92.405925 83.154 2.0952
93.075536 83.131 1.9468
93.750000 83.109 1.7981
94.429351 83.086 1.6485
95.113625 83.063 1.4979
95.802858 83.040 1.3473
96.497085 83.015 1.1990
97.196342 82.988 1.0563
97.900667 82.961 0.9220
98.610096 82.933 0.7961
99.324665 82.905 0.6763
100.044413 82.876 0.5594
100.769376 82.847 0.4436
101.499592 82.816 0.3291
102.235100 82.784 0.2167
102.975938 82.751 0.1065
103.722144 82.716 -0.0028
104.473757 82.680 -0.1121
105.230817 82.642 -0.2207
105.993363 82.603 -0.3262
106.761435 82.561 -0.4258
107.535072 82.519 -0.5173
108.314315 82.475 -0.5991
109.099206 82.430 -0.6696
109.889783 82.384 -0.7278
110.686090 82.337 -0.7725
111.488167 82.288 -0.8007
112.296056 82.237 -0.8086
113.109800 82.184 -0.7930
113.929440 82.130 -0.7515
114.755020 82.076 -0.6815
115.586582 82.021 -0.5811
116.424170 81.969 -0.4485
117.267827 81.922 -0.2847
118.117598 81.880 -0.0934
118.973527 81.847 0.1165
119.835658 81.824 0.3291
120.704037 81.809 0.5250
121.578708 81.800 0.6901
122.459718 81.794 0.8231
123.347111 81.789 0.9331
124.240935 81.783 1.0315
125.141236 81.775 1.1257
126.048061 81.767 1.2183
126.961458 81.758 1.3079
127.881473 81.749 1.3917
128.808154 81.739 1.4655
129.741551 81.729 1.5238
130.681712 81.718 1.5613
131.628686 81.705 1.5751
132.582521 81.690 1.5665
133.543269 81.672 1.5402
134.510979 81.652 1.5007
135.485701 81.630 1.4537
136.467486 81.605 1.4124
137.456386 81.579 1.3918
138.452451 81.553 1.4000
139.455735 81.527 1.4360
140.466288 81.502 1.4940
141.484165 81.477 1.5665
142.509418 81.452 1.6471
143.542100 81.427 1.7291
144.582265 81.402 1.8042
145.629968 81.378 1.8652
146.685262 81.355 1.9102
147.748204 81.331 1.9438
148.818849 81.307 1.9757
149.897251 81.282 2.0165
150.983469 81.256 2.0747
152.077557 81.229 2.1541
153.179574 81.200 2.2534
154.289576 81.171 2.3679
155.407622 81.141 2.4908
156.533770 81.111 2.6159
157.668078 81.083 2.7382
158.810606 81.056 2.8558
159.961413 81.030 2.9699
161.120559 81.005 3.0836
162.288105 80.982 3.1996
163.464112 80.958 3.3202
164.648640 80.935 3.4467
165.841752 80.911 3.5798
167.043510 80.888 3.7195
168.253976 80.864 3.8646
169.473213 80.841 4.0140
170.701286 80.818 4.1667
171.938258 80.795 4.3234
173.184194 80.772 4.4857
174.439158 80.748 4.6548
175.703216 80.725 4.8289
176.976434 80.700 5.0046
178.258878 80.675 5.1803
179.550615 80.649 5.3580
180.851713 80.621 5.5415
182.162239 80.594 5.7334
183.482262 80.569 5.9323
184.811850 80.545 6.1326
186.151073 80.524 6.3292
187.500000 80.504 6.5222
188.858702 80.484 6.7158
190.227250 80.465 6.9137
191.605715 80.446 7.1172
192.994169 80.428 7.3265
194.392685 80.411 7.5428
195.801334 80.395 7.7697
197.220191 80.380 8.0084
198.649330 80.367 8.2545
200.088825 80.354 8.4985
201.538751 80.340 8.7314
202.999184 80.323 8.9517
204.470200 80.305 9.1652
205.951875 80.285 9.3799
207.444287 80.266 9.6011
208.947514 80.248 9.8323
210.461634 80.231 10.0756
211.986726 80.213 10.3308
213.522869 80.197 10.5963
215.070144 80.181 10.8700
216.628631 80.165 11.1503
218.198411 80.152 11.4354
219.779567 80.140 11.7224
221.372180 80.130 12.0075
222.976334 80.122 12.2865
224.592112 80.115 12.5560
226.219600 80.109 12.8143
227.858880 80.105 13.0624
229.510039 80.101 13.3023
231.173164 80.096 13.5348
232.848340 80.089 13.7573
234.535655 80.081 13.9662
236.235197 80.072 14.1609
237.947054 80.060 14.3458
239.671317 80.047 14.5292
241.408074 80.033 14.7180
243.157416 80.018 14.9150
244.919435 80.002 15.1196
246.694223 79.985 15.3292
248.481871 79.967 15.5401
250.282473 79.948 15.7468
252.096123 79.930 15.9445
253.922915 79.912 16.1292
255.762945 79.897 16.2990
257.616309 79.884 16.4545
259.483103 79.875 16.6005
261.363424 79.869 16.7446
263.257372 79.865 16.8959
265.165043 79.863 17.0608
267.086538 79.862 17.2408
269.021957 79.859 17.4353
270.971401 79.855 17.6443
272.934972 79.851 17.8676
274.912771 79.846 18.1018
276.904902 79.841 18.3420
278.911469 79.838 18.5818
280.932577 79.836 18.8152
282.968330 79.836 19.0397
285.018835 79.837 19.2562
287.084199 79.838 19.4673
289.164530 79.838 19.6738
291.259935 79.837 19.8750
293.370525 79.835 20.0712
295.496408 79.833 20.2655
297.637697 79.830 20.4614
299.794503 79.827 20.6595
301.966937 79.824 20.8578
304.155114 79.823 21.0540
306.359147 79.821 21.2489
308.579152 79.821 21.4446
310.815244 79.821 21.6426
313.067539 79.823 21.8427
315.336156 79.826 22.0430
317.621211 79.831 22.2419
319.922826 79.837 22.4388
322.241118 79.844 22.6354
324.576210 79.850 22.8346
326.928223 79.855 23.0391
329.297280 79.860 23.2488
331.683504 79.864 23.4614
334.087019 79.869 23.6750
336.507952 79.875 23.8884
338.946427 79.881 24.1000
341.402572 79.888 24.3076
343.876516 79.895 24.5100
346.368387 79.904 24.7073
348.878315 79.914 24.8992
351.406431 79.925 25.0856
353.952867 79.938 25.2683
356.517756 79.951 25.4513
359.101230 79.964 25.6349
361.703426 79.977 25.8159
364.324478 79.990 25.9907
366.964523 80.001 26.1568
369.623699 80.010 26.3130
372.302145 80.018 26.4592
375.000000 80.024 26.5972
377.717405 80.029 26.7296
380.454501 80.035 26.8599
383.211431 80.043 26.9918
385.988339 80.052 27.1296
388.785369 80.063 27.2777
391.602668 80.074 27.4382
394.440383 80.086 27.6098
397.298660 80.097 27.7877
400.177650 80.107 27.9662
403.077502 80.115 28.1414
405.998368 80.122 28.3155
408.940400 80.130 28.4960
411.903750 80.137 28.6914
414.888575 80.146 28.9053
417.895028 80.155 29.1337
420.923268 80.166 29.3674
423.973452 80.179 29.5962
427.045738 80.194 29.8124
430.140287 80.212 30.0100
433.257261 80.232 30.1854
436.396822 80.254 30.3392
439.559133 80.277 30.4744
442.744360 80.301 30.5940
445.952668 80.324 30.7012
449.184225 80.345 30.8023
452.439199 80.366 30.9052
455.717760 80.385 31.0164
459.020079 80.403 31.1378
462.346327 80.421 31.2668
465.696680 80.439 31.3986
469.071310 80.458 31.5285
472.470394 80.478 31.6550
475.894109 80.500 31.7804
479.342634 80.523 31.9080
482.816148 80.548 32.0405
486.314833 80.573 32.1800
489.838871 80.598 32.3266
493.388445 80.621 32.4774
496.963741 80.642 32.6280
500.564945 80.660 32.7753
504.192245 80.676 32.9190
507.845830 80.690 33.0596
511.525890 80.704 33.1962
515.232618 80.720 33.3283
518.966206 80.737 33.4558
522.726849 80.757 33.5796
526.514743 80.779 33.7000
530.330086 80.802 33.8169
534.173076 80.826 33.9280
538.043915 80.848 34.0289
541.942803 80.870 34.1169
545.869944 80.890 34.1917
549.825542 80.910 34.2543
553.809805 80.928 34.3080
557.822939 80.945 34.3589
561.865154 80.961 34.4153
565.936660 80.977 34.4826
570.037671 80.994 34.5607
574.168399 81.013 34.6462
578.329060 81.034 34.7365
582.519870 81.056 34.8300
586.741049 81.079 34.9249
590.992817 81.103 35.0183
595.275394 81.127 35.1069
599.589005 81.150 35.1901
603.933874 81.172 35.2707
608.310228 81.192 35.3519
612.718295 81.211 35.4334
617.158304 81.229 35.5127
621.630488 81.247 35.5879
626.135079 81.266 35.6597
630.672311 81.285 35.7308
635.242423 81.305 35.8030
639.845651 81.325 35.8754
644.482237 81.347 35.9449
649.152421 81.367 36.0096
653.856447 81.385 36.0691
658.594560 81.401 36.1238
663.367008 81.415 36.1762
668.174039 81.429 36.2298
673.015903 81.442 36.2846
677.892854 81.456 36.3345
682.805145 81.473 36.3714
687.753032 81.491 36.3916
692.736774 81.511 36.4001
697.756631 81.532 36.4106
702.812863 81.555 36.4386
707.905735 81.577 36.4934
713.035511 81.599 36.5741
718.202461 81.622 36.6724
723.406852 81.646 36.7787
728.648956 81.673 36.8851
733.929047 81.703 36.9858
739.247399 81.735 37.0778
744.604290 81.768 37.1614
750.000000 81.800 37.2401
755.434809 81.830 37.3162
760.909001 81.859 37.3897
766.422861 81.886 37.4592
771.976677 81.911 37.5230
777.570739 81.937 37.5819
783.205337 81.965 37.6379
788.880766 81.994 37.6916
794.597321 82.025 37.7404
800.355301 82.057 37.7817
806.155005 82.089 37.8148
811.996736 82.120 37.8398
817.880799 82.151 37.8574
823.807501 82.180 37.8681
829.777150 82.208 37.8729
835.790057 82.237 37.8731
841.846536 82.266 37.8706
847.946903 82.298 37.8681
854.091476 82.332 37.8677
860.280575 82.369 37.8698
866.514523 82.407 37.8725
872.793644 82.446 37.8718
879.118267 82.484 37.8636
885.488720 82.520 37.8442
891.905336 82.554 37.8111
898.368450 82.585 37.7623
904.878398 82.616 37.6971
911.435520 82.647 37.6175
918.040157 82.679 37.5267
924.692655 82.712 37.4271
931.393359 82.748 37.3201
938.142619 82.785 37.2074
944.940787 82.822 37.0923
951.788218 82.857 36.9769
958.685268 82.891 36.8600
965.632296 82.922 36.7366
972.629666 82.950 36.6009
979.677741 82.977 36.4488
986.776890 83.003 36.2799
993.927482 83.029 36.0963
1001.129891 83.053 35.9003
1008.384491 83.077 35.6942
1015.691660 83.100 35.4801
1023.051781 83.122 35.2608
1030.465236 83.145 35.0403
1037.932411 83.167 34.8221
1045.453698 83.190 34.6099
1053.029486 83.214 34.4068
1060.660172 83.238 34.2161
1068.346153 83.262 34.0408
1076.087829 83.285 33.8816
1083.885605 83.305 33.7357
1091.739887 83.322 33.5977
1099.651084 83.338 33.4612
1107.619609 83.350 33.3212
1115.645878 83.360 33.1763
1123.730308 83.367 33.0287
1131.873321 83.373 32.8843
1140.075341 83.379 32.7504
1148.336797 83.385 32.6339
1156.658119 83.393 32.5366
1165.039741 83.402 32.4528
1173.482099 83.412 32.3716
1181.985634 83.423 32.2824
1190.550789 83.432 32.1784
1199.178011 83.440 32.0563
1207.867749 83.445 31.9171
1216.620457 83.447 31.7651
1225.436590 83.445 31.6075
1234.316609 83.441 31.4524
1243.260976 83.435 31.3076
1252.270157 83.428 31.1793
1261.344623 83.422 31.0712
1270.484846 83.416 30.9825
1279.691303 83.411 30.9068
1288.964474 83.404 30.8337
1298.304842 83.396 30.7518
1307.712894 83.385 30.6516
1317.189120 83.372 30.5287
1326.734016 83.356 30.3844
1336.348077 83.337 30.2240
1346.031806 83.316 30.0554
1355.785708 83.293 29.8871
1365.610290 83.267 29.7266
1375.506065 83.239 29.5802
1385.473549 83.207 29.4548
1395.513261 83.172 29.3578
1405.625726 83.136 29.2947
1415.811469 83.098 29.2685
1426.071023 83.059 29.2800
1436.404921 83.020 29.3285
1446.813703 82.980 29.4120
1457.297912 82.940 29.5258
1467.858093 82.899 29.6627
1478.494798 82.855 29.8128
1489.208581 82.811 29.9658
1500.000000 82.764 30.1172
1510.869618 82.715 30.2738
1521.818002 82.666 30.4518
1532.845723 82.615 30.6697
1543.953355 82.564 30.9407
1555.141477 82.513 31.2686
1566.410674 82.463 31.6500
1577.761531 82.413 32.0785
1589.194642 82.363 32.5476
1600.710601 82.313 33.0525
1612.310010 82.262 33.5910
1623.993473 82.210 34.1628
1635.761599 82.159 34.7700
1647.615002 82.110 35.4208
1659.554299 82.064 36.1306
1671.580114 82.026 36.9181
1683.693072 81.998 37.7970
1695.893807 81.981 38.7722
1708.182952 81.980 39.8378
1720.561150 81.995 40.9776
1733.029045 82.028 42.1682
1745.587288 82.082 43.3803
1758.236533 82.156 44.5810
1770.977440 82.251 45.7356
1783.810673 82.367 46.8110
1796.736900 82.502 47.7817
1809.756796 82.655 48.6331
1822.871040 82.821 49.3610
1836.080315 82.995 49.9690
1849.385310 83.173 50.4650
1862.786718 83.351 50.8593
1876.285239 83.525 51.1618
1889.881575 83.694 51.3804
1903.576436 83.858 51.5197
1917.370535 84.018 51.5817
1931.264593 84.173 51.5669
1945.259332 84.325 51.4731
1959.355483 84.476 51.2975
1973.553781 84.624 51.0409
1987.854965 84.770 50.7104
2002.259781 84.912 50.3171
2016.768981 85.048 49.8724
2031.383320 85.178 49.3869
2046.103561 85.300 48.8708
2060.930471 85.414 48.3347
2075.864823 85.520 47.7908
2090.907395 85.617 47.2504
2106.058972 85.706 46.7197
2121.320344 85.789 46.2002
2136.692305 85.865 45.6887
2152.175658 85.934 45.1783
2167.771210 85.998 44.6599
2183.479774 86.055 44.1241
2199.302169 86.105 43.5649
2215.239219 86.151 42.9845
2231.291755 86.192 42.3946
2247.460615 86.230 41.8123
2263.746641 86.266 41.2539
2280.150683 86.301 40.7312
2296.673595 86.333 40.2490
2313.316238 86.363 39.8032
2330.079481 86.389 39.3798
2346.964198 86.411 38.9581
2363.971268 86.429 38.5192
2381.101578 86.442 38.0512
2398.356022 86.453 37.5515
2415.735498 86.460 37.0257
2433.240913 86.466 36.4837
2450.873180 86.470 35.9359
2468.633217 86.473 35.3904
2486.521951 86.473 34.8532
2504.540314 86.473 34.3299
2522.689246 86.471 33.8271
2540.969692 86.469 33.3536
2559.382606 86.467 32.9195
2577.928947 86.465 32.5322
2596.609683 86.465 32.1939
2615.425787 86.465 31.9003
2634.378241 86.465 31.6387
2653.468031 86.464 31.3903
2672.696154 86.461 31.1355
2692.063613 86.456 30.8594
2711.571415 86.448 30.5555
2731.220579 86.438 30.2260
2751.012130 86.426 29.8820
2770.947098 86.413 29.5410
2791.026522 86.402 29.2197
2811.251451 86.393 28.9273
2831.622938 86.389 28.6645
2852.142045 86.388 28.4262
2872.809842 86.389 28.2020
2893.627406 86.391 27.9751
2914.595823 86.390 27.7242
2935.716186 86.386 27.4306
2956.989596 86.378 27.0831
2978.417161 86.364 26.6815
3000.000000 86.347 26.2388
3021.739237 86.327 25.7806
3043.636005 86.304 25.3386
3065.691446 86.279 24.9387
3087.906710 86.252 24.5938
3110.282955 86.222 24.3023
3132.821347 86.191 24.0500
3155.523062 86.156 23.8138
3178.389283 86.119 23.5708
3201.421202 86.078 23.3053
3224.620020 86.034 23.0132
3247.986946 85.989 22.7021
3271.523198 85.942 22.3900
3295.230004 85.895 22.1000
3319.108599 85.849 21.8541
3343.160228 85.805 21.6658
3367.386145 85.764 21.5364
3391.787613 85.725 21.4547
3416.365904 85.687 21.3975
3441.122300 85.649 21.3354
3466.058091 85.610 21.2416
3491.174576 85.570 21.0987
3516.473066 85.527 20.9025
3541.954880 85.482 20.6641
3567.621345 85.435 20.4072
3593.473800 85.388 20.1621
3619.513592 85.339 19.9559
3645.742080 85.291 19.8054
3672.160630 85.242 19.7126
3698.770620 85.193 19.6656
3725.573436 85.142 19.6400
3752.570477 85.090 19.6055
3779.763150 85.036 19.5339
3807.152872 84.980 19.4067
3834.741071 84.920 19.2182
3862.529185 84.860 18.9753
3890.518664 84.798 18.6927
3918.710966 84.736 18.3851
3947.107561 84.673 18.0653
3975.709929 84.609 17.7462
4004.519563 84.544 17.4426
4033.537962 84.478 17.1727
4062.766641 84.411 16.9573
4092.207123 84.343 16.8160
4121.860942 84.276 16.7629
4151.729646 84.209 16.8018
4181.814790 84.143 16.9247
4212.117944 84.077 17.1111
4242.640687 84.011 17.3318
4273.384610 83.944 17.5547
4304.351317 83.874 17.7531
4335.542421 83.802 17.9126
4366.959549 83.728 18.0353
4398.604338 83.654 18.1406
4430.478438 83.581 18.2612
4462.583511 83.511 18.4340
4494.921231 83.444 18.6888
4527.493283 83.381 19.0403
4560.301365 83.322 19.4842
4593.347189 83.268 19.9985
4626.632476 83.216 20.5479
4660.158962 83.168 21.0924
4693.928395 83.122 21.5974
4727.942535 83.080 22.0425
4762.203156 83.043 22.4243
4796.712043 83.013 22.7535
4831.470996 82.990 23.0474
4866.481826 82.976 23.3227
4901.746360 82.970 23.5918
4937.266434 82.973 23.8640
4973.043902 82.986 24.1491
5009.080628 83.008 24.4612
5045.378492 83.041 24.8176
5081.939384 83.086 25.2343
5118.765212 83.144 25.7172
5155.857894 83.218 26.2544
5193.219366 83.304 26.8124
5230.851574 83.404 27.3402
5268.756481 83.514 27.7785
5306.936062 83.633 28.0718
5345.392309 83.758 28.1803
5384.127225 83.888 28.0867
5423.142830 84.021 27.7974
5462.441159 84.155 27.3375
5502.024259 84.288 26.7441
5541.894195 84.416 26.0557
5582.053045 84.536 25.3025
5622.502902 84.646 24.4965
5663.245876 84.742 23.6295
5704.284090 84.820 22.6788
5745.619684 84.876 21.6172
5787.254813 84.908 20.4232
5829.191647 84.913 19.0911
5871.432373 84.891 17.6386
5913.979192 84.841 16.1086
5956.834323 84.764 14.5632
6000.000000 84.661 13.0728
6043.478473 84.534 11.7038
6087.272010 84.383 10.5070
6131.382892 84.211 9.5084
6175.813420 84.019 8.7083
6220.565910 83.809 8.0875
6265.642695 83.585 7.6177
6311.046124 83.349 7.2703
6356.778566 83.109 7.0215
6402.842404 82.871 6.8513
6449.240040 82.641 6.7397
6495.973891 82.421 6.6702
6543.046396 82.204 6.6536
6590.460007 81.984 6.7460
6638.217197 81.756 7.0271
6686.320456 81.519 7.5574
6734.772290 81.278 8.3541
6783.575226 81.037 9.3943
6832.731809 80.803 10.6323
6882.244600 80.579 12.0199
6932.116181 80.371 13.5231
6982.349153 80.186 15.1294
7032.946133 80.034 16.8428
7083.909760 79.923 18.6653
7135.242690 79.862 20.5756
7186.947600 79.857 22.5254
7239.027185 79.908 24.4650
7291.484160 80.011 26.3795
7344.321260 80.166 28.2905
7397.541239 80.378 30.2223
7451.146872 80.653 32.1711
7505.140954 80.994 34.0880
7559.526299 81.402 35.8723
7614.305743 81.872 37.3797
7669.482141 82.394 38.4445
7725.058371 82.951 38.9088
7781.037328 83.524 38.6484
7837.421932 84.094 37.5909
7894.215122 84.636 35.7292
7951.419859 85.129 33.1229
8009.039125 85.552 29.8902
8067.075924 85.889 26.1929
8125.533282 86.125 22.2201
8184.414245 86.254 18.1665
8243.721885 86.275 14.2087
8303.459292 86.192 10.4852
8363.629581 86.018 7.0872
8424.235888 85.767 4.0597
8485.281374 85.458 1.4070
8546.769221 85.111 -0.8950
8608.702634 84.747 -2.8826
8671.084842 84.382 -4.5917
8733.919097 84.034 -6.0558
8797.208675 83.712 -7.3104
8860.956876 83.424 -8.3948
8925.167022 83.172 -9.3479
8989.842461 82.957 -10.2032
9054.986566 82.777 -10.9836
9120.602731 82.630 -11.6975
9186.694378 82.514 -12.3394
9253.264952 82.426 -12.8984
9320.317925 82.362 -13.3765
9387.856790 82.321 -13.8074
9455.885071 82.298 -14.2618
9524.406312 82.289 -14.8359
9593.424086 82.287 -15.6321
9662.941992 82.287 -16.7396
9732.963653 82.283 -18.2148
9803.492719 82.268 -20.0665
9874.532869 82.238 -22.2545
9946.087805 82.185 -24.7024
10018.161257 82.103 -27.3154
10090.756983 81.986 -29.9982
10163.878768 81.829 -32.6722
10237.530423 81.627 -35.2906
10311.715789 81.377 -37.8416
10386.438732 81.074 -40.3391
10461.703149 80.718 -42.8105
10537.512962 80.308 -45.2831
10613.872125 79.846 -47.7690
10690.784618 79.335 -50.2525
10768.254450 78.779 -52.6895
10846.285661 78.184 -55.0204
10924.882318 77.557 -57.1856
11004.048518 76.903 -59.1324
11083.788390 76.227 -60.8169
11164.106090 75.536 -62.2007
11245.005805 74.834 -63.2469
11326.491752 74.127 -63.9153
11408.568180 73.418 -64.1598
11491.239368 72.713 -63.9366
11574.509626 72.016 -63.2218
11658.383294 71.329 -62.0305
11742.864745 70.654 -60.4233
11827.958384 69.994 -58.4975
11913.668646 69.347 -56.3667
12000.000000 68.714 -54.1352
12086.956947 68.095 -51.8703
12174.544019 67.492 -49.5826
12262.765784 66.905 -47.2258
12351.626840 66.334 -44.7131
12441.131819 65.783 -41.9392
12531.285389 65.251 -38.8040
12622.092249 64.742 -35.2421
12713.557132 64.256 -31.2435
12805.684808 63.794 -26.8500
12898.480079 63.357 -22.1339
12991.947783 62.950 -17.1719
13086.092792 62.578 -12.0140
13180.920015 62.250 -6.6523
13276.434395 61.981 -1.0063
13372.640911 61.795 5.0621
13469.544580 61.718 11.7112
13567.150452 61.786 19.0586
13665.463617 62.031 27.0964
13764.489200 62.480 35.6002
13864.232362 63.142 44.1056
13964.698305 64.006 52.0092
14065.892266 65.041 58.7437
14167.819519 66.201 63.9164
14270.485380 67.438 67.3514
14373.895200 68.705 69.0573
14478.054370 69.959 69.1639
14582.968320 71.160 67.8648
14688.642520 72.276 65.3823
14795.082478 73.276 61.9478
14902.293745 74.137 57.7860
15010.281908 74.842 53.1034
15119.052599 75.383 48.0864
15228.611486 75.763 42.9025
15338.964283 76.000 37.6897
15450.116741 76.120 32.5416
15562.074656 76.159 27.5079
15674.843864 76.152 22.6130
15788.430244 76.134 17.8716
15902.839718 76.131 13.2877
16018.078250 76.159 8.8447
16134.151848 76.220 4.4955
16251.066563 76.303 0.1555
16368.828491 76.387 -4.2958
16487.443769 76.442 -8.9955
16606.918584 76.436 -14.0629
16727.259161 76.338 -19.5691
16848.471777 76.120 -25.5134
16970.562748 75.762 -31.8071
17093.538442 75.256 -38.2748
17217.405268 74.604 -44.6863
17342.169684 73.822 -50.8084
17467.838194 72.930 -56.4463
17594.417350 71.953 -61.4628
17721.913751 70.917 -65.7797
17850.334044 69.849 -69.3672
17979.684923 68.774 -72.2234
18109.973131 67.715 -74.3556
18241.205462 66.689 -75.7739
18373.388756 65.713 -76.4990
18506.529905 64.794 -76.5846
18640.635849 63.936 -76.1478
18775.713581 63.137 -75.3776
18911.770141 62.389 -74.5136
19048.812624 61.683 -73.8055
19186.848172 61.006 -73.4661
19325.883983 60.348 -73.6238
19465.927305 59.709 -74.2886
19606.985439 59.099 -75.3492
19749.065738 58.552 -76.5861
19892.175609 58.126 -77.6976
20036.322514 57.889 -78.3628
