* Measurement data measured by REW V5.31.3
* Source: Headset (CX31993 HIFI AUDIO), MICROPHONE (Master Volume), R, volume: 0.250
* Format: 256k Log Swept Sine, 1 sweep at -12.0 dBFS with no timing reference
* Dated: 12 31, 24 1:04:06 PM
* REW Settings:
*  C-weighting compensation: Off
*  Target level: 75.0 dB
* Note: ; 
* Measurement: Sony LB 6.3K MIN L
* Smoothing: 1/12 octave
* Frequency Step: 96 ppo
* Start Frequency: 0.36621094 Hz
*
* Freq(Hz) SPL(dB) Phase(degrees)
0.366211 39.035 -71.6984
0.368865 39.049 -71.7913
0.371538 39.069 -71.9298
0.374230 39.094 -72.1025
0.376942 39.122 -72.2995
0.379673 39.152 -72.5138
0.382424 39.184 -72.7406
0.385196 39.216 -72.9769
0.387987 39.249 -73.2212
0.390798 39.282 -73.4724
0.393630 39.316 -73.7300
0.396483 39.350 -73.9937
0.399356 39.384 -74.2635
0.402250 39.419 -74.5393
0.405165 39.453 -74.8209
0.408101 39.488 -75.1085
0.411058 39.523 -75.4019
0.414037 39.559 -75.7011
0.417037 39.595 -76.0062
0.420059 39.631 -76.3171
0.423103 39.667 -76.6338
0.426169 39.703 -76.9562
0.429257 39.740 -77.2844
0.432368 39.777 -77.6182
0.435501 39.814 -77.9576
0.438656 39.852 -78.3027
0.441835 39.890 -78.6532
0.445037 39.928 -79.0092
0.448262 39.966 -79.3707
0.451510 40.005 -79.7375
0.454782 40.044 -80.1096
0.458077 40.083 -80.4869
0.461397 40.122 -80.8694
0.464740 40.162 -81.2569
0.468108 40.202 -81.6494
0.471500 40.243 -82.0467
0.474917 40.283 -82.4489
0.478358 40.324 -82.8558
0.481825 40.366 -83.2672
0.485316 40.407 -83.6832
0.488833 40.449 -84.1035
0.492375 40.491 -84.5282
0.495943 40.534 -84.9570
0.499537 40.576 -85.3899
0.503157 40.619 -85.8267
0.506803 40.663 -86.2673
0.510475 40.707 -86.7116
0.514175 40.751 -87.1596
0.517900 40.795 -87.6109
0.521653 40.840 -88.0656
0.525434 40.885 -88.5235
0.529241 40.930 -88.9844
0.533076 40.976 -89.4483
0.536939 41.021 -89.9149
0.540830 41.068 -90.3842
0.544749 41.114 -90.8561
0.548696 41.161 -91.3304
0.552673 41.209 -91.8069
0.556677 41.256 -92.2856
0.560711 41.304 -92.7663
0.564774 41.353 -93.2488
0.568867 41.402 -93.7331
0.572989 41.451 -94.2191
0.577141 41.500 -94.7065
0.581324 41.550 -95.1954
0.585536 41.600 -95.6854
0.589779 41.650 -96.1767
0.594053 41.701 -96.6689
0.598358 41.753 -97.1621
0.602694 41.804 -97.6561
0.607061 41.856 -98.1509
0.611460 41.908 -98.6462
0.615891 41.961 -99.1421
0.620354 42.014 -99.6384
0.624849 42.068 -100.1350
0.629377 42.122 -100.6320
0.633938 42.176 -101.1291
0.638532 42.231 -101.6263
0.643159 42.286 -102.1236
0.647819 42.341 -102.6209
0.652514 42.397 -103.1182
0.657242 42.453 -103.6153
0.662005 42.510 -104.1124
0.666802 42.567 -104.6092
0.671634 42.625 -105.1058
0.676501 42.683 -105.6022
0.681403 42.741 -106.0984
0.686341 42.800 -106.5943
0.691314 42.859 -107.0900
0.696324 42.919 -107.5855
0.701370 42.979 -108.0807
0.706452 43.039 -108.5759
0.711571 43.100 -109.0709
0.716728 43.161 -109.5660
0.721921 43.223 -110.0614
0.727153 43.285 -110.5572
0.732422 43.348 -111.0537
0.737729 43.411 -111.5513
0.743075 43.474 -112.0503
0.748460 43.538 -112.5507
0.753883 43.602 -113.0526
0.759346 43.667 -113.5560
0.764849 43.732 -114.0609
0.770391 43.798 -114.5670
0.775974 43.864 -115.0743
0.781597 43.931 -115.5825
0.787261 43.998 -116.0914
0.792966 44.066 -116.6010
0.798712 44.134 -117.1110
0.804500 44.203 -117.6212
0.810329 44.273 -118.1316
0.816201 44.343 -118.6418
0.822116 44.413 -119.1518
0.828073 44.484 -119.6614
0.834074 44.556 -120.1704
0.840118 44.628 -120.6787
0.846206 44.701 -121.1862
0.852338 44.774 -121.6926
0.858514 44.847 -122.1979
0.864735 44.921 -122.7019
0.871001 44.996 -123.2046
0.877313 45.071 -123.7057
0.883670 45.146 -124.2052
0.890074 45.223 -124.7029
0.896524 45.299 -125.1988
0.903020 45.376 -125.6927
0.909564 45.453 -126.1847
0.916155 45.531 -126.6744
0.922794 45.610 -127.1620
0.929481 45.688 -127.6473
0.936216 45.768 -128.1303
0.943000 45.847 -128.6108
0.949834 45.927 -129.0889
0.956717 46.008 -129.5645
0.963649 46.089 -130.0375
0.970632 46.170 -130.5079
0.977666 46.251 -130.9757
0.984750 46.333 -131.4408
0.991886 46.416 -131.9033
0.999074 46.498 -132.3630
1.006314 46.581 -132.8201
1.013606 46.664 -133.2744
1.020951 46.748 -133.7260
1.028349 46.832 -134.1749
1.035801 46.916 -134.6211
1.043307 47.000 -135.0647
1.050867 47.085 -135.5056
1.058482 47.169 -135.9440
1.066152 47.254 -136.3798
1.073878 47.339 -136.8133
1.081660 47.425 -137.2445
1.089498 47.510 -137.6736
1.097393 47.596 -138.1010
1.105345 47.682 -138.5269
1.113355 47.768 -138.9516
1.121423 47.854 -139.3754
1.129549 47.941 -139.7985
1.137734 48.027 -140.2209
1.145979 48.114 -140.6427
1.154283 48.202 -141.0639
1.162647 48.289 -141.4846
1.171072 48.377 -141.9047
1.179558 48.465 -142.3242
1.188106 48.553 -142.7429
1.196715 48.642 -143.1609
1.205387 48.731 -143.5781
1.214122 48.820 -143.9945
1.222920 48.909 -144.4099
1.231782 48.999 -144.8242
1.240708 49.089 -145.2374
1.249699 49.179 -145.6494
1.258754 49.270 -146.0601
1.267876 49.361 -146.4693
1.277063 49.452 -146.8770
1.286318 49.544 -147.2830
1.295639 49.636 -147.6873
1.305027 49.728 -148.0896
1.314484 49.821 -148.4899
1.324009 49.914 -148.8880
1.333604 50.007 -149.2838
1.343268 50.101 -149.6770
1.353002 50.196 -150.0677
1.362806 50.290 -150.4555
1.372681 50.385 -150.8404
1.382628 50.481 -151.2222
1.392647 50.577 -151.6006
1.402739 50.674 -151.9756
1.412904 50.771 -152.3469
1.423142 50.868 -152.7144
1.433455 50.966 -153.0777
1.443843 51.065 -153.4369
1.454305 51.164 -153.7915
1.464844 51.263 -154.1415
1.475459 51.363 -154.4866
1.486150 51.463 -154.8269
1.496920 51.564 -155.1624
1.507767 51.665 -155.4931
1.518693 51.766 -155.8194
1.529698 51.868 -156.1415
1.540783 51.970 -156.4597
1.551948 52.072 -156.7744
1.563194 52.174 -157.0859
1.574521 52.277 -157.3944
1.585931 52.380 -157.7004
1.597423 52.484 -158.0041
1.608999 52.588 -158.3059
1.620658 52.692 -158.6060
1.632402 52.797 -158.9048
1.644232 52.902 -159.2027
1.656146 53.008 -159.4998
1.668147 53.114 -159.7965
1.680235 53.221 -160.0930
1.692411 53.328 -160.3897
1.704675 53.436 -160.6867
1.717028 53.544 -160.9845
1.729470 53.653 -161.2831
1.742003 53.762 -161.5828
1.754626 53.872 -161.8839
1.767341 53.983 -162.1863
1.780147 54.094 -162.4903
1.793047 54.206 -162.7956
1.806040 54.319 -163.1020
1.819128 54.432 -163.4091
1.832310 54.546 -163.7161
1.845587 54.661 -164.0222
1.858961 54.776 -164.3267
1.872432 54.892 -164.6290
1.886001 55.008 -164.9291
1.899667 55.126 -165.2269
1.913433 55.243 -165.5226
1.927299 55.361 -165.8167
1.941265 55.480 -166.1094
1.955332 55.599 -166.4014
1.969501 55.719 -166.6929
1.983773 55.840 -166.9846
1.998148 55.961 -167.2770
2.012627 56.082 -167.5704
2.027212 56.204 -167.8654
2.041902 56.327 -168.1624
2.056698 56.450 -168.4619
2.071602 56.574 -168.7643
2.086614 56.698 -169.0701
2.101734 56.822 -169.3796
2.116964 56.947 -169.6932
2.132304 57.073 -170.0111
2.147756 57.199 -170.3333
2.163320 57.326 -170.6598
2.178996 57.453 -170.9901
2.194786 57.581 -171.3234
2.210690 57.709 -171.6590
2.226710 57.838 -171.9957
2.242845 57.967 -172.3330
2.259098 58.097 -172.6704
2.275468 58.227 -173.0080
2.291957 58.358 -173.3459
2.308566 58.490 -173.6844
2.325295 58.622 -174.0242
2.342145 58.754 -174.3656
2.359117 58.887 -174.7093
2.376212 59.020 -175.0558
2.393431 59.154 -175.4057
2.410775 59.287 -175.7596
2.428244 59.421 -176.1181
2.445840 59.556 -176.4818
2.463564 59.690 -176.8512
2.481416 59.825 -177.2267
2.499397 59.959 -177.6086
2.517509 60.094 -177.9973
2.535752 60.229 -178.3926
2.554127 60.364 -178.7942
2.572635 60.498 -179.2014
2.591277 60.633 -179.6136
2.610055 60.768 179.9701
2.628968 60.904 179.5501
2.648019 61.039 179.1269
2.667208 61.174 178.7004
2.686535 61.310 178.2708
2.706003 61.445 177.8378
2.725612 61.580 177.4013
2.745363 61.716 176.9609
2.765257 61.851 176.5164
2.785295 61.986 176.0674
2.805478 62.120 175.6136
2.825808 62.255 175.1544
2.846285 62.389 174.6897
2.866910 62.522 174.2190
2.887685 62.656 173.7420
2.908611 62.788 173.2585
2.929688 62.921 172.7684
2.950917 63.053 172.2718
2.972301 63.184 171.7690
2.993839 63.315 171.2605
3.015534 63.445 170.7466
3.037386 63.575 170.2278
3.059396 63.704 169.7047
3.081565 63.833 169.1776
3.103896 63.961 168.6470
3.126388 64.088 168.1132
3.149043 64.215 167.5763
3.171862 64.341 167.0367
3.194847 64.466 166.4944
3.217998 64.591 165.9493
3.241317 64.715 165.4013
3.264805 64.838 164.8501
3.288463 64.960 164.2950
3.312293 65.081 163.7358
3.336295 65.201 163.1719
3.360471 65.320 162.6033
3.384822 65.438 162.0302
3.409350 65.555 161.4531
3.434056 65.671 160.8727
3.458940 65.786 160.2898
3.484005 65.900 159.7053
3.509252 66.013 159.1198
3.534681 66.125 158.5343
3.560295 66.237 157.9491
3.586094 66.347 157.3646
3.612081 66.456 156.7809
3.638255 66.564 156.1977
3.664620 66.670 155.6143
3.691175 66.776 155.0299
3.717923 66.881 154.4440
3.744864 66.984 153.8563
3.772001 67.086 153.2671
3.799335 67.186 152.6769
3.826866 67.286 152.0868
3.854597 67.384 151.4977
3.882529 67.481 150.9108
3.910664 67.578 150.3270
3.939002 67.673 149.7472
3.967546 67.768 149.1719
3.996296 67.861 148.6014
4.025255 67.954 148.0353
4.054423 68.045 147.4732
4.083804 68.136 146.9142
4.113396 68.225 146.3581
4.143204 68.313 145.8046
4.173227 68.400 145.2540
4.203468 68.486 144.7069
4.233928 68.572 144.1641
4.264609 68.656 143.6263
4.295512 68.740 143.0942
4.326639 68.824 142.5686
4.357992 68.907 142.0498
4.389572 68.990 141.5379
4.421380 69.072 141.0328
4.453419 69.154 140.5341
4.485691 69.235 140.0414
4.518196 69.316 139.5542
4.550936 69.396 139.0724
4.583914 69.476 138.5958
4.617131 69.556 138.1246
4.650589 69.636 137.6587
4.684289 69.716 137.1983
4.718233 69.796 136.7437
4.752424 69.877 136.2950
4.786862 69.957 135.8523
4.821549 70.039 135.4154
4.856488 70.120 134.9841
4.891680 70.201 134.5576
4.927127 70.283 134.1353
4.962831 70.365 133.7164
4.998794 70.448 133.2999
5.035017 70.531 132.8854
5.071503 70.615 132.4722
5.108253 70.699 132.0602
5.145270 70.784 131.6494
5.182555 70.870 131.2396
5.220110 70.957 130.8309
5.257937 71.044 130.4227
5.296038 71.131 130.0142
5.334415 71.219 129.6046
5.373071 71.308 129.1927
5.412006 71.397 128.7778
5.451224 71.486 128.3590
5.490725 71.575 127.9360
5.530514 71.665 127.5086
5.570590 71.755 127.0769
5.610957 71.846 126.6409
5.651616 71.936 126.2006
5.692570 72.027 125.7557
5.733821 72.117 125.3058
5.775370 72.207 124.8506
5.817221 72.296 124.3896
5.859375 72.385 123.9226
5.901834 72.473 123.4493
5.944602 72.561 122.9699
5.987679 72.648 122.4850
6.031068 72.734 121.9951
6.074771 72.819 121.5010
6.118792 72.903 121.0032
6.163131 72.986 120.5023
6.207792 73.068 119.9984
6.252776 73.148 119.4915
6.298086 73.227 118.9819
6.343725 73.304 118.4700
6.389694 73.380 117.9568
6.435996 73.454 117.4435
6.482634 73.527 116.9317
6.529610 73.598 116.4225
6.576926 73.667 115.9166
6.624585 73.735 115.4144
6.672590 73.802 114.9163
6.720942 73.867 114.4226
6.769645 73.930 113.9344
6.818700 73.992 113.4528
6.868111 74.053 112.9791
6.917881 74.112 112.5143
6.968010 74.171 112.0594
7.018504 74.229 111.6145
7.069362 74.286 111.1798
7.120590 74.342 110.7554
7.172189 74.398 110.3416
7.224161 74.453 109.9386
7.276511 74.509 109.5469
7.329239 74.565 109.1667
7.382350 74.621 108.7980
7.435845 74.678 108.4404
7.489729 74.735 108.0931
7.544002 74.793 107.7551
7.598669 74.852 107.4255
7.653732 74.912 107.1034
7.709194 74.974 106.7881
7.765058 75.036 106.4789
7.821327 75.101 106.1747
7.878004 75.167 105.8741
7.935091 75.234 105.5754
7.992592 75.303 105.2769
8.050510 75.374 104.9771
8.108847 75.446 104.6751
8.167607 75.520 104.3699
8.226793 75.595 104.0605
8.286408 75.671 103.7457
8.346454 75.748 103.4241
8.406936 75.826 103.0947
8.467856 75.905 102.7568
8.529218 75.984 102.4100
8.591024 76.063 102.0541
8.653278 76.143 101.6891
8.715983 76.223 101.3149
8.779143 76.302 100.9314
8.842760 76.381 100.5387
8.906839 76.459 100.1372
8.971381 76.537 99.7277
9.036392 76.614 99.3109
9.101873 76.690 98.8876
9.167829 76.764 98.4587
9.234263 76.838 98.0249
9.301178 76.910 97.5868
9.368578 76.981 97.1455
9.436467 77.051 96.7020
9.504847 77.120 96.2572
9.573723 77.188 95.8119
9.643099 77.255 95.3665
9.712976 77.320 94.9216
9.783361 77.385 94.4778
9.854255 77.448 94.0354
9.925663 77.511 93.5948
9.997588 77.574 93.1562
10.070035 77.635 92.7195
10.143007 77.697 92.2847
10.216507 77.757 91.8516
10.290540 77.817 91.4201
10.365109 77.877 90.9901
10.440219 77.937 90.5613
10.515873 77.996 90.1335
10.592076 78.054 89.7065
10.668830 78.112 89.2802
10.746141 78.170 88.8546
10.824012 78.227 88.4297
10.902447 78.283 88.0057
10.981451 78.339 87.5829
11.061027 78.394 87.1615
11.141180 78.449 86.7419
11.221913 78.502 86.3248
11.303232 78.556 85.9106
11.385140 78.608 85.5000
11.467641 78.660 85.0934
11.550741 78.711 84.6913
11.634442 78.762 84.2940
11.718750 78.813 83.9019
11.803669 78.864 83.5152
11.889203 78.915 83.1337
11.975357 78.965 82.7570
12.062136 79.017 82.3847
12.149543 79.068 82.0161
12.237583 79.121 81.6504
12.326262 79.174 81.2864
12.415583 79.227 80.9228
12.505552 79.282 80.5584
12.596172 79.337 80.1921
12.687449 79.392 79.8225
12.779387 79.448 79.4485
12.871992 79.504 79.0693
12.965268 79.560 78.6841
13.059220 79.616 78.2928
13.153852 79.672 77.8951
13.249170 79.727 77.4915
13.345179 79.780 77.0826
13.441884 79.833 76.6694
13.539289 79.884 76.2533
13.637401 79.934 75.8356
13.736223 79.983 75.4179
13.835761 80.030 75.0018
13.936021 80.075 74.5891
14.037007 80.120 74.1808
14.138725 80.163 73.7783
14.241180 80.206 73.3822
14.344377 80.248 72.9930
14.448323 80.290 72.6104
14.553021 80.332 72.2339
14.658478 80.374 71.8625
14.764700 80.417 71.4948
14.871691 80.460 71.1292
14.979457 80.504 70.7639
15.088005 80.548 70.3972
15.197339 80.592 70.0276
15.307465 80.637 69.6537
15.418389 80.681 69.2750
15.530117 80.725 68.8911
15.642655 80.767 68.5027
15.756008 80.808 68.1108
15.870182 80.848 67.7171
15.985184 80.886 67.3239
16.101019 80.923 66.9338
16.217694 80.957 66.5496
16.335214 80.990 66.1736
16.453586 81.022 65.8085
16.572815 81.053 65.4557
16.692909 81.084 65.1164
16.813872 81.116 64.7903
16.935713 81.148 64.4765
17.058436 81.183 64.1729
17.182048 81.219 63.8761
17.306556 81.257 63.5825
17.431967 81.298 63.2875
17.558286 81.341 62.9868
17.685521 81.386 62.6758
17.813677 81.433 62.3511
17.942762 81.480 62.0098
18.072783 81.528 61.6503
18.203746 81.575 61.2722
18.335658 81.621 60.8767
18.468526 81.664 60.4658
18.602356 81.705 60.0426
18.737156 81.744 59.6111
18.872934 81.779 59.1752
19.009695 81.811 58.7391
19.147447 81.840 58.3065
19.286197 81.866 57.8804
19.425953 81.891 57.4631
19.566721 81.913 57.0559
19.708510 81.935 56.6597
19.851326 81.954 56.2747
19.995177 81.973 55.9008
20.140070 81.991 55.5383
20.286013 82.009 55.1877
20.433014 82.025 54.8502
20.581080 82.040 54.5277
20.730219 82.055 54.2226
20.880439 82.070 53.9373
21.031747 82.085 53.6740
21.184152 82.101 53.4339
21.337661 82.120 53.2164
21.492282 82.142 53.0189
21.648024 82.168 52.8361
21.804895 82.200 52.6603
21.962902 82.238 52.4821
22.122054 82.281 52.2907
22.282360 82.330 52.0757
22.443827 82.382 51.8277
22.606464 82.437 51.5406
22.770280 82.492 51.2112
22.935283 82.545 50.8409
23.101481 82.594 50.4346
23.268884 82.639 50.0008
23.437500 82.679 49.5501
23.607338 82.712 49.0939
23.778406 82.740 48.6430
23.950714 82.764 48.2057
24.124271 82.785 47.7872
24.299086 82.805 47.3885
24.475167 82.826 47.0068
24.652524 82.847 46.6364
24.831166 82.870 46.2699
25.011103 82.894 45.9000
25.192344 82.919 45.5215
25.374898 82.942 45.1327
25.558775 82.963 44.7357
25.743984 82.981 44.3366
25.930536 82.995 43.9443
26.118439 83.006 43.5688
26.307704 83.015 43.2185
26.498341 83.023 42.8991
26.690359 83.033 42.6111
26.883768 83.047 42.3494
27.078579 83.065 42.1039
27.274801 83.090 41.8610
27.472446 83.120 41.6060
27.671522 83.155 41.3260
27.872042 83.192 41.0126
28.074014 83.229 40.6628
28.277450 83.264 40.2801
28.482360 83.295 39.8729
28.688755 83.321 39.4532
28.896645 83.342 39.0340
29.106042 83.358 38.6267
29.316957 83.372 38.2396
29.529400 83.384 37.8762
29.743382 83.396 37.5357
29.958915 83.410 37.2136
30.176009 83.426 36.9032
30.394677 83.443 36.5977
30.614929 83.462 36.2917
30.836778 83.482 35.9820
31.060234 83.502 35.6682
31.285309 83.521 35.3517
31.512015 83.539 35.0355
31.740364 83.557 34.7221
31.970368 83.574 34.4135
32.202039 83.591 34.1101
32.435388 83.608 33.8108
32.670428 83.625 33.5134
32.907171 83.643 33.2155
33.145630 83.661 32.9144
33.385817 83.679 32.6086
33.627745 83.696 32.2974
33.871425 83.713 31.9815
34.116871 83.728 31.6623
34.364096 83.741 31.3418
34.613113 83.753 31.0224
34.863934 83.764 30.7059
35.116572 83.774 30.3937
35.371041 83.783 30.0860
35.627354 83.792 29.7823
35.885525 83.801 29.4814
36.145566 83.810 29.1815
36.407492 83.819 28.8813
36.671316 83.828 28.5794
36.937051 83.837 28.2755
37.204712 83.845 27.9698
37.474313 83.853 27.6627
37.745867 83.861 27.3548
38.019389 83.869 27.0464
38.294893 83.877 26.7377
38.572394 83.885 26.4282
38.851905 83.892 26.1176
39.133442 83.900 25.8055
39.417019 83.908 25.4919
39.702651 83.916 25.1766
39.990353 83.924 24.8596
40.280140 83.932 24.5409
40.572026 83.939 24.2207
40.866028 83.946 23.9000
41.162160 83.952 23.5801
41.460438 83.958 23.2635
41.760877 83.962 22.9531
42.063494 83.966 22.6514
42.368303 83.971 22.3594
42.675322 83.976 22.0765
42.984565 83.982 21.8003
43.296048 83.990 21.5266
43.609789 83.998 21.2520
43.925804 84.008 20.9739
44.244108 84.017 20.6919
44.564719 84.026 20.4073
44.887654 84.034 20.1222
45.212928 84.042 19.8380
45.540560 84.050 19.5551
45.870565 84.058 19.2720
46.202962 84.066 18.9871
46.537768 84.073 18.6984
46.875000 84.079 18.4056
47.214676 84.084 18.1099
47.556813 84.087 17.8136
47.901429 84.088 17.5198
48.248542 84.088 17.2314
48.598171 84.087 16.9505
48.950334 84.085 16.6777
49.305048 84.083 16.4124
49.662333 84.081 16.1520
50.022206 84.079 15.8937
50.384688 84.078 15.6343
50.749796 84.077 15.3708
51.117550 84.077 15.1017
51.487969 84.076 14.8259
51.861072 84.075 14.5439
52.236879 84.073 14.2570
52.615409 84.070 13.9669
52.996681 84.067 13.6757
53.380717 84.063 13.3846
53.767536 84.059 13.0942
54.157158 84.055 12.8048
54.549603 84.051 12.5174
54.944892 84.046 12.2341
55.343045 84.042 11.9579
55.744084 84.037 11.6908
56.148028 84.034 11.4319
56.554900 84.033 11.1770
56.964720 84.033 10.9205
57.377510 84.033 10.6584
57.793291 84.032 10.3909
58.212085 84.030 10.1219
58.633914 84.026 9.8569
59.058799 84.021 9.5992
59.486764 84.015 9.3490
59.917829 84.008 9.1038
60.352019 84.000 8.8613
60.789354 83.991 8.6204
61.229859 83.981 8.3811
61.673556 83.970 8.1432
62.120468 83.959 7.9054
62.570618 83.949 7.6658
63.024031 83.938 7.4217
63.480729 83.928 7.1710
63.940736 83.919 6.9120
64.404077 83.910 6.6434
64.870776 83.902 6.3656
65.340856 83.894 6.0793
65.814343 83.886 5.7854
66.291261 83.877 5.4845
66.771635 83.868 5.1793
67.255489 83.856 4.8770
67.742850 83.842 4.5889
68.233743 83.827 4.3264
68.728193 83.811 4.0948
69.226226 83.798 3.8908
69.727867 83.787 3.7039
70.233144 83.779 3.5214
70.742083 83.773 3.3320
71.254709 83.768 3.1277
71.771050 83.761 2.9053
72.291132 83.753 2.6678
72.814984 83.741 2.4229
73.342631 83.725 2.1788
73.874102 83.708 1.9409
74.409424 83.689 1.7100
74.948626 83.669 1.4849
75.491734 83.650 1.2645
76.038779 83.631 1.0479
76.589787 83.612 0.8329
77.144788 83.594 0.6172
77.703811 83.577 0.4003
78.266885 83.559 0.1841
78.834039 83.541 -0.0282
79.405303 83.524 -0.2351
79.980706 83.507 -0.4380
80.560280 83.492 -0.6401
81.144053 83.476 -0.8453
81.732056 83.461 -1.0563
82.324320 83.444 -1.2733
82.920876 83.426 -1.4940
83.521755 83.407 -1.7141
84.126988 83.385 -1.9291
84.736607 83.363 -2.1372
85.350643 83.340 -2.3403
85.969129 83.316 -2.5416
86.592097 83.292 -2.7440
87.219579 83.267 -2.9473
87.851608 83.241 -3.1494
88.488217 83.215 -3.3483
89.129439 83.189 -3.5437
89.775308 83.163 -3.7371
90.425856 83.139 -3.9314
91.081119 83.115 -4.1295
91.741131 83.091 -4.3329
92.405925 83.068 -4.5405
93.075536 83.044 -4.7495
93.750000 83.019 -4.9563
94.429351 82.993 -5.1579
95.113625 82.966 -5.3529
95.802858 82.939 -5.5410
96.497085 82.911 -5.7224
97.196342 82.882 -5.8979
97.900667 82.853 -6.0690
98.610096 82.823 -6.2382
99.324665 82.793 -6.4079
100.044413 82.762 -6.5796
100.769376 82.730 -6.7530
101.499592 82.697 -6.9279
102.235100 82.663 -7.1044
102.975938 82.628 -7.2819
103.722144 82.591 -7.4578
104.473757 82.553 -7.6284
105.230817 82.514 -7.7910
105.993363 82.475 -7.9453
106.761435 82.436 -8.0927
107.535072 82.399 -8.2346
108.314315 82.362 -8.3727
109.099206 82.326 -8.5091
109.889783 82.290 -8.6464
110.686090 82.252 -8.7839
111.488167 82.211 -8.9161
112.296056 82.166 -9.0331
113.109800 82.116 -9.1236
113.929440 82.062 -9.1776
114.755020 82.003 -9.1887
115.586582 81.942 -9.1555
116.424170 81.881 -9.0815
117.267827 81.820 -8.9731
118.117598 81.763 -8.8395
118.973527 81.710 -8.6915
119.835658 81.665 -8.5405
120.704037 81.628 -8.3988
121.578708 81.601 -8.2774
122.459718 81.582 -8.1814
123.347111 81.570 -8.1085
124.240935 81.563 -8.0498
125.141236 81.558 -7.9955
126.048061 81.554 -7.9396
126.961458 81.550 -7.8839
127.881473 81.544 -7.8362
128.808154 81.535 -7.8071
129.741551 81.523 -7.8079
130.681712 81.508 -7.8475
131.628686 81.492 -7.9288
132.582521 81.477 -8.0469
133.543269 81.462 -8.1913
134.510979 81.449 -8.3464
135.485701 81.435 -8.4905
136.467486 81.418 -8.5990
137.456386 81.399 -8.6548
138.452451 81.376 -8.6566
139.455735 81.350 -8.6178
140.466288 81.321 -8.5617
141.484165 81.291 -8.5126
142.509418 81.259 -8.4872
143.542100 81.227 -8.4895
144.582265 81.196 -8.5127
145.629968 81.167 -8.5457
146.685262 81.139 -8.5790
147.748204 81.113 -8.6057
148.818849 81.086 -8.6216
149.897251 81.059 -8.6265
150.983469 81.031 -8.6230
152.077557 81.001 -8.6151
153.179574 80.971 -8.6052
154.289576 80.941 -8.5942
155.407622 80.911 -8.5807
156.533770 80.880 -8.5626
157.668078 80.850 -8.5376
158.810606 80.818 -8.5052
159.961413 80.786 -8.4675
161.120559 80.753 -8.4267
162.288105 80.720 -8.3848
163.464112 80.686 -8.3423
164.648640 80.654 -8.2975
165.841752 80.622 -8.2484
167.043510 80.593 -8.1929
168.253976 80.566 -8.1300
169.473213 80.539 -8.0597
170.701286 80.514 -7.9834
171.938258 80.489 -7.9036
173.184194 80.464 -7.8240
174.439158 80.438 -7.7489
175.703216 80.411 -7.6810
176.976434 80.384 -7.6205
178.258878 80.356 -7.5648
179.550615 80.329 -7.5101
180.851713 80.303 -7.4527
182.162239 80.277 -7.3895
183.482262 80.251 -7.3175
184.811850 80.224 -7.2340
186.151073 80.195 -7.1373
187.500000 80.165 -7.0293
188.858702 80.135 -6.9138
190.227250 80.106 -6.7959
191.605715 80.077 -6.6801
192.994169 80.050 -6.5686
194.392685 80.024 -6.4611
195.801334 79.999 -6.3561
197.220191 79.976 -6.2512
198.649330 79.954 -6.1438
200.088825 79.932 -6.0314
201.538751 79.911 -5.9139
202.999184 79.890 -5.7924
204.470200 79.867 -5.6662
205.951875 79.843 -5.5339
207.444287 79.818 -5.3955
208.947514 79.793 -5.2524
210.461634 79.769 -5.1069
211.986726 79.747 -4.9612
213.522869 79.725 -4.8164
215.070144 79.705 -4.6732
216.628631 79.684 -4.5309
218.198411 79.664 -4.3872
219.779567 79.644 -4.2380
221.372180 79.625 -4.0792
222.976334 79.606 -3.9092
224.592112 79.588 -3.7297
226.219600 79.570 -3.5442
227.858880 79.554 -3.3564
229.510039 79.538 -3.1694
231.173164 79.523 -2.9856
232.848340 79.509 -2.8064
234.535655 79.497 -2.6320
236.235197 79.484 -2.4614
237.947054 79.471 -2.2948
239.671317 79.456 -2.1322
241.408074 79.439 -1.9728
243.157416 79.421 -1.8146
244.919435 79.403 -1.6543
246.694223 79.385 -1.4895
248.481871 79.370 -1.3196
250.282473 79.357 -1.1470
252.096123 79.346 -0.9746
253.922915 79.336 -0.8046
255.762945 79.327 -0.6361
257.616309 79.319 -0.4659
259.483103 79.310 -0.2897
261.363424 79.301 -0.1046
263.257372 79.293 0.0888
265.165043 79.286 0.2877
267.086538 79.279 0.4897
269.021957 79.271 0.6919
270.971401 79.263 0.8912
272.934972 79.252 1.0849
274.912771 79.241 1.2717
276.904902 79.230 1.4523
278.911469 79.221 1.6298
280.932577 79.213 1.8083
282.968330 79.207 1.9893
285.018835 79.202 2.1702
287.084199 79.197 2.3479
289.164530 79.191 2.5219
291.259935 79.184 2.6935
293.370525 79.177 2.8643
295.496408 79.169 3.0344
297.637697 79.162 3.2040
299.794503 79.156 3.3748
301.966937 79.150 3.5489
304.155114 79.147 3.7280
306.359147 79.146 3.9120
308.579152 79.146 4.0995
310.815244 79.147 4.2888
313.067539 79.148 4.4783
315.336156 79.148 4.6678
317.621211 79.149 4.8576
319.922826 79.150 5.0480
322.241118 79.150 5.2391
324.576210 79.151 5.4297
326.928223 79.151 5.6190
329.297280 79.151 5.8075
331.683504 79.150 5.9987
334.087019 79.148 6.1946
336.507952 79.148 6.3912
338.946427 79.149 6.5793
341.402572 79.154 6.7520
343.876516 79.160 6.9103
346.368387 79.168 7.0600
348.878315 79.175 7.2086
351.406431 79.181 7.3625
353.952867 79.185 7.5254
356.517756 79.189 7.6980
359.101230 79.193 7.8781
361.703426 79.198 8.0606
364.324478 79.205 8.2407
366.964523 79.212 8.4164
369.623699 79.219 8.5880
372.302145 79.226 8.7560
375.000000 79.233 8.9203
377.717405 79.239 9.0824
380.454501 79.247 9.2449
383.211431 79.256 9.4078
385.988339 79.265 9.5680
388.785369 79.273 9.7222
391.602668 79.279 9.8703
394.440383 79.283 10.0153
397.298660 79.285 10.1620
400.177650 79.287 10.3156
403.077502 79.288 10.4788
405.998368 79.289 10.6524
408.940400 79.291 10.8361
411.903750 79.294 11.0316
414.888575 79.297 11.2411
417.895028 79.302 11.4639
420.923268 79.309 11.6938
423.973452 79.318 11.9207
427.045738 79.330 12.1336
430.140287 79.343 12.3243
433.257261 79.357 12.4886
436.396822 79.370 12.6265
439.559133 79.383 12.7421
442.744360 79.396 12.8431
445.952668 79.409 12.9387
449.184225 79.425 13.0364
452.439199 79.442 13.1392
455.717760 79.461 13.2448
459.020079 79.482 13.3484
462.346327 79.504 13.4482
465.696680 79.526 13.5477
469.071310 79.548 13.6531
472.470394 79.568 13.7688
475.894109 79.584 13.8933
479.342634 79.597 14.0190
482.816148 79.606 14.1364
486.314833 79.613 14.2393
489.838871 79.620 14.3280
493.388445 79.627 14.4091
496.963741 79.637 14.4908
500.564945 79.648 14.5796
504.192245 79.661 14.6774
507.845830 79.674 14.7809
511.525890 79.687 14.8838
515.232618 79.699 14.9807
518.966206 79.711 15.0704
522.726849 79.722 15.1562
526.514743 79.733 15.2422
530.330086 79.744 15.3289
534.173076 79.754 15.4131
538.043915 79.763 15.4911
541.942803 79.772 15.5603
545.869944 79.782 15.6216
549.825542 79.791 15.6801
553.809805 79.801 15.7425
557.822939 79.811 15.8136
561.865154 79.822 15.8954
565.936660 79.834 15.9873
570.037671 79.845 16.0876
574.168399 79.857 16.1940
578.329060 79.869 16.3024
582.519870 79.880 16.4079
586.741049 79.889 16.5063
590.992817 79.898 16.5958
595.275394 79.905 16.6770
599.589005 79.911 16.7528
603.933874 79.916 16.8271
608.310228 79.920 16.9041
612.718295 79.924 16.9854
617.158304 79.930 17.0707
621.630488 79.938 17.1591
626.135079 79.947 17.2510
630.672311 79.955 17.3492
635.242423 79.961 17.4555
639.845651 79.965 17.5682
644.482237 79.967 17.6813
649.152421 79.970 17.7858
653.856447 79.973 17.8748
658.594560 79.978 17.9473
663.367008 79.985 18.0089
668.174039 79.994 18.0697
673.015903 80.004 18.1379
677.892854 80.015 18.2166
682.805145 80.026 18.3067
687.753032 80.037 18.4085
692.736774 80.046 18.5214
697.756631 80.054 18.6430
702.812863 80.060 18.7701
707.905735 80.067 18.8999
713.035511 80.075 19.0283
718.202461 80.085 19.1501
723.406852 80.096 19.2609
728.648956 80.108 19.3613
733.929047 80.118 19.4594
739.247399 80.127 19.5647
744.604290 80.135 19.6830
750.000000 80.141 19.8136
755.434809 80.148 19.9533
760.909001 80.155 20.1004
766.422861 80.163 20.2538
771.976677 80.171 20.4129
777.570739 80.180 20.5764
783.205337 80.189 20.7420
788.880766 80.199 20.9059
794.597321 80.209 21.0631
800.355301 80.220 21.2100
806.155005 80.232 21.3458
811.996736 80.244 21.4726
817.880799 80.257 21.5934
823.807501 80.271 21.7106
829.777150 80.284 21.8265
835.790057 80.296 21.9423
841.846536 80.308 22.0585
847.946903 80.320 22.1759
854.091476 80.333 22.2974
860.280575 80.347 22.4274
866.514523 80.363 22.5704
872.793644 80.382 22.7286
879.118267 80.403 22.9009
885.488720 80.425 23.0825
891.905336 80.447 23.2667
898.368450 80.470 23.4473
904.878398 80.493 23.6199
911.435520 80.516 23.7826
918.040157 80.538 23.9357
924.692655 80.561 24.0824
931.393359 80.585 24.2281
938.142619 80.611 24.3773
944.940787 80.639 24.5301
951.788218 80.670 24.6845
958.685268 80.701 24.8389
965.632296 80.735 24.9912
972.629666 80.769 25.1384
979.677741 80.804 25.2766
986.776890 80.837 25.4033
993.927482 80.870 25.5177
1001.129891 80.901 25.6205
1008.384491 80.931 25.7128
1015.691660 80.962 25.7958
1023.051781 80.994 25.8719
1030.465236 81.029 25.9445
1037.932411 81.066 26.0156
1045.453698 81.106 26.0850
1053.029486 81.146 26.1490
1060.660172 81.187 26.2025
1068.346153 81.227 26.2412
1076.087829 81.265 26.2637
1083.885605 81.299 26.2712
1091.739887 81.331 26.2674
1099.651084 81.361 26.2578
1107.619609 81.392 26.2484
1115.645878 81.424 26.2437
1123.730308 81.458 26.2444
1131.873321 81.494 26.2476
1140.075341 81.532 26.2472
1148.336797 81.571 26.2366
1156.658119 81.610 26.2086
1165.039741 81.647 26.1553
1173.482099 81.683 26.0710
1181.985634 81.718 25.9556
1190.550789 81.750 25.8154
1199.178011 81.780 25.6611
1207.867749 81.808 25.5042
1216.620457 81.835 25.3535
1225.436590 81.862 25.2126
1234.316609 81.887 25.0790
1243.260976 81.912 24.9480
1252.270157 81.936 24.8156
1261.344623 81.957 24.6769
1270.484846 81.975 24.5245
1279.691303 81.990 24.3503
1288.964474 82.002 24.1488
1298.304842 82.009 23.9198
1307.712894 82.015 23.6676
1317.189120 82.017 23.3988
1326.734016 82.018 23.1206
1336.348077 82.015 22.8400
1346.031806 82.010 22.5644
1355.785708 82.001 22.3030
1365.610290 81.989 22.0649
1375.506065 81.974 21.8572
1385.473549 81.956 21.6829
1395.513261 81.938 21.5422
1405.625726 81.918 21.4331
1415.811469 81.897 21.3495
1426.071023 81.875 21.2827
1436.404921 81.850 21.2230
1446.813703 81.821 21.1639
1457.297912 81.789 21.1045
1467.858093 81.754 21.0490
1478.494798 81.717 21.0048
1489.208581 81.678 20.9800
1500.000000 81.637 20.9830
1510.869618 81.596 21.0222
1521.818002 81.555 21.1038
1532.845723 81.513 21.2285
1543.953355 81.469 21.3904
1555.141477 81.424 21.5800
1566.410674 81.376 21.7891
1577.761531 81.327 22.0140
1589.194642 81.275 22.2573
1600.710601 81.223 22.5290
1612.310010 81.171 22.8449
1623.993473 81.120 23.2231
1635.761599 81.072 23.6776
1647.615002 81.029 24.2145
1659.554299 80.993 24.8329
1671.580114 80.963 25.5280
1683.693072 80.943 26.2930
1695.893807 80.931 27.1213
1708.182952 80.930 28.0063
1720.561150 80.941 28.9404
1733.029045 80.966 29.9124
1745.587288 81.010 30.9055
1758.236533 81.075 31.8988
1770.977440 81.164 32.8693
1783.810673 81.277 33.7937
1796.736900 81.412 34.6492
1809.756796 81.564 35.4135
1822.871040 81.729 36.0647
1836.080315 81.901 36.5845
1849.385310 82.075 36.9619
1862.786718 82.246 37.1960
1876.285239 82.413 37.2960
1889.881575 82.573 37.2769
1903.576436 82.727 37.1557
1917.370535 82.877 36.9498
1931.264593 83.022 36.6743
1945.259332 83.165 36.3391
1959.355483 83.305 35.9492
1973.553781 83.443 35.5074
1987.854965 83.578 35.0173
2002.259781 83.708 34.4850
2016.768981 83.834 33.9180
2031.383320 83.954 33.3249
2046.103561 84.069 32.7129
2060.930471 84.177 32.0863
2075.864823 84.279 31.4464
2090.907395 84.372 30.7911
2106.058972 84.457 30.1151
2121.320344 84.533 29.4131
2136.692305 84.599 28.6829
2152.175658 84.656 27.9258
2167.771210 84.704 27.1490
2183.479774 84.745 26.3675
2199.302169 84.780 25.6016
2215.239219 84.811 24.8697
2231.291755 84.838 24.1807
2247.460615 84.863 23.5302
2263.746641 84.886 22.9022
2280.150683 84.906 22.2751
2296.673595 84.921 21.6296
2313.316238 84.933 20.9542
2330.079481 84.938 20.2457
2346.964198 84.939 19.5062
2363.971268 84.936 18.7415
2381.101578 84.928 17.9603
2398.356022 84.918 17.1730
2415.735498 84.905 16.3899
2433.240913 84.890 15.6211
2450.873180 84.872 14.8767
2468.633217 84.853 14.1670
2486.521951 84.832 13.5015
2504.540314 84.811 12.8877
2522.689246 84.791 12.3282
2540.969692 84.771 11.8191
2559.382606 84.752 11.3481
2577.928947 84.733 10.8964
2596.609683 84.712 10.4408
2615.425787 84.688 9.9611
2634.378241 84.660 9.4457
2653.468031 84.628 8.8943
2672.696154 84.592 8.3173
2692.063613 84.552 7.7354
2711.571415 84.511 7.1748
2731.220579 84.471 6.6574
2751.012130 84.432 6.1943
2770.947098 84.397 5.7839
2791.026522 84.364 5.4114
2811.251451 84.334 5.0519
2831.622938 84.304 4.6787
2852.142045 84.273 4.2683
2872.809842 84.240 3.8055
2893.627406 84.204 3.2846
2914.595823 84.165 2.7125
2935.716186 84.123 2.1107
2956.989596 84.081 1.5087
2978.417161 84.037 0.9323
3000.000000 83.991 0.3954
3021.739237 83.943 -0.1025
3043.636005 83.892 -0.5743
3065.691446 83.836 -1.0393
3087.906710 83.775 -1.5167
3110.282955 83.707 -2.0212
3132.821347 83.632 -2.5582
3155.523062 83.552 -3.1224
3178.389283 83.468 -3.6974
3201.421202 83.381 -4.2582
3224.620020 83.293 -4.7782
3247.986946 83.204 -5.2380
3271.523198 83.117 -5.6298
3295.230004 83.031 -5.9581
3319.108599 82.946 -6.2396
3343.160228 82.860 -6.5002
3367.386145 82.773 -6.7682
3391.787613 82.685 -7.0670
3416.365904 82.594 -7.4097
3441.122300 82.501 -7.7963
3466.058091 82.406 -8.2125
3491.174576 82.310 -8.6327
3516.473066 82.213 -9.0276
3541.954880 82.115 -9.3743
3567.621345 82.017 -9.6628
3593.473800 81.919 -9.8998
3619.513592 81.819 -10.1051
3645.742080 81.717 -10.3057
3672.160630 81.611 -10.5283
3698.770620 81.502 -10.7939
3725.573436 81.388 -11.1144
3752.570477 81.271 -11.4902
3779.763150 81.152 -11.9113
3807.152872 81.030 -12.3622
3834.741071 80.905 -12.8287
3862.529185 80.778 -13.2998
3890.518664 80.649 -13.7635
3918.710966 80.518 -14.2050
3947.107561 80.385 -14.6060
3975.709929 80.250 -14.9459
4004.519563 80.113 -15.2045
4033.537962 79.974 -15.3668
4062.766641 79.834 -15.4307
4092.207123 79.693 -15.4092
4121.860942 79.549 -15.3306
4151.729646 79.404 -15.2307
4181.814790 79.256 -15.1431
4212.117944 79.105 -15.0892
4242.640687 78.950 -15.0734
4273.384610 78.791 -15.0812
4304.351317 78.630 -15.0836
4335.542421 78.466 -15.0438
4366.959549 78.302 -14.9271
4398.604338 78.139 -14.7106
4430.478438 77.978 -14.3880
4462.583511 77.818 -13.9714
4494.921231 77.660 -13.4889
4527.493283 77.503 -12.9770
4560.301365 77.345 -12.4708
4593.347189 77.187 -11.9958
4626.632476 77.030 -11.5634
4660.158962 76.873 -11.1697
4693.928395 76.720 -10.8005
4727.942535 76.570 -10.4364
4762.203156 76.425 -10.0575
4796.712043 76.285 -9.6465
4831.470996 76.152 -9.1890
4866.481826 76.025 -8.6711
4901.746360 75.906 -8.0758
4937.266434 75.796 -7.3835
4973.043902 75.697 -6.5782
5009.080628 75.609 -5.6565
5045.378492 75.535 -4.6335
5081.939384 75.474 -3.5454
5118.765212 75.424 -2.4419
5155.857894 75.386 -1.3756
5193.219366 75.357 -0.3922
5230.851574 75.338 0.4771
5268.756481 75.328 1.2208
5306.936062 75.327 1.8503
5345.392309 75.334 2.3945
5384.127225 75.350 2.8859
5423.142830 75.374 3.3478
5462.441159 75.402 3.7866
5502.024259 75.434 4.1898
5541.894195 75.465 4.5274
5582.053045 75.490 4.7595
5622.502902 75.506 4.8474
5663.245876 75.509 4.7654
5704.284090 75.495 4.5099
5745.619684 75.463 4.1050
5787.254813 75.411 3.6007
5829.191647 75.339 3.0632
5871.432373 75.247 2.5611
5913.979192 75.135 2.1526
5956.834323 75.004 1.8752
6000.000000 74.854 1.7412
6043.478473 74.685 1.7408
6087.272010 74.498 1.8506
6131.382892 74.294 2.0445
6175.813420 74.074 2.3057
6220.565910 73.842 2.6379
6265.642695 73.600 3.0694
6311.046124 73.354 3.6489
6356.778566 73.112 4.4283
6402.842404 72.882 5.4388
6449.240040 72.670 6.6677
6495.973891 72.479 8.0590
6543.046396 72.302 9.5474
6590.460007 72.128 11.0997
6638.217197 71.952 12.7162
6686.320456 71.773 14.4052
6734.772290 71.594 16.1697
6783.575226 71.420 18.0117
6832.731809 71.259 19.9406
6882.244600 71.116 21.9764
6932.116181 70.999 24.1465
6982.349153 70.914 26.4769
7032.946133 70.869 28.9843
7083.909760 70.873 31.6655
7135.242690 70.934 34.4916
7186.947600 71.056 37.4128
7239.027185 71.237 40.3849
7291.484160 71.475 43.3956
7344.321260 71.769 46.4494
7397.541239 72.123 49.5182
7451.146872 72.541 52.5126
7505.140954 73.025 55.2896
7559.526299 73.574 57.6818
7614.305743 74.180 59.5306
7669.482141 74.832 60.7159
7725.058371 75.515 61.1711
7781.037328 76.209 60.8833
7837.421932 76.895 59.8832
7894.215122 77.551 58.2326
7951.419859 78.156 56.0123
8009.039125 78.689 53.3117
8067.075924 79.133 50.2223
8125.533282 79.475 46.8377
8184.414245 79.707 43.2564
8243.721885 79.828 39.5811
8303.459292 79.844 35.9159
8363.629581 79.767 32.3627
8424.235888 79.614 29.0193
8485.281374 79.404 25.9707
8546.769221 79.161 23.2780
8608.702634 78.904 20.9687
8671.084842 78.650 19.0375
8733.919097 78.414 17.4543
8797.208675 78.205 16.1763
8860.956876 78.029 15.1603
8925.167022 77.889 14.3737
8989.842461 77.785 13.7955
9054.986566 77.718 13.4059
9120.602731 77.684 13.1683
9186.694378 77.681 13.0182
9253.264952 77.703 12.8638
9320.317925 77.747 12.6002
9387.856790 77.806 12.1270
9455.885071 77.877 11.3652
9524.406312 77.955 10.2738
9593.424086 78.037 8.8568
9662.941992 78.120 7.1566
9732.963653 78.197 5.2382
9803.492719 78.265 3.1715
9874.532869 78.318 1.0115
9946.087805 78.348 -1.2166
10018.161257 78.349 -3.5212
10090.756983 78.312 -5.9344
10163.878768 78.232 -8.4978
10237.530423 78.102 -11.2477
10311.715789 77.919 -14.2013
10386.438732 77.679 -17.3430
10461.703149 77.382 -20.6200
10537.512962 77.031 -23.9525
10613.872125 76.629 -27.2532
10690.784618 76.178 -30.4407
10768.254450 75.685 -33.4453
10846.285661 75.153 -36.2084
10924.882318 74.589 -38.6777
11004.048518 73.999 -40.8015
11083.788390 73.388 -42.5255
11164.106090 72.762 -43.7962
11245.005805 72.127 -44.5750
11326.491752 71.487 -44.8557
11408.568180 70.848 -44.6752
11491.239368 70.212 -44.1085
11574.509626 69.581 -43.2531
11658.383294 68.956 -42.2103
11742.864745 68.340 -41.0623
11827.958384 67.732 -39.8494
11913.668646 67.136 -38.5612
12000.000000 66.554 -37.1424
12086.956947 65.986 -35.5090
12174.544019 65.435 -33.5692
12262.765784 64.902 -31.2527
12351.626840 64.386 -28.5358
12441.131819 63.890 -25.4500
12531.285389 63.412 -22.0686
12622.092249 62.953 -18.4847
12713.557132 62.513 -14.7853
12805.684808 62.093 -11.0204
12898.480079 61.696 -7.1766
12991.947783 61.327 -3.1703
13086.092792 60.995 1.1388
13180.920015 60.710 5.9237
13276.434395 60.490 11.3568
13372.640911 60.355 17.5620
13469.544580 60.335 24.5662
13567.150452 60.459 32.2592
13665.463617 60.760 40.3745
13764.489200 61.262 48.5029
13864.232362 61.974 56.1689
13964.698305 62.881 62.9477
14065.892266 63.955 68.5498
14167.819519 65.151 72.8306
14270.485380 66.422 75.7530
14373.895200 67.722 77.3419
14478.054370 69.006 77.6487
14582.968320 70.237 76.7268
14688.642520 71.379 74.6270
14795.082478 72.403 71.4128
14902.293745 73.285 67.1804
15010.281908 74.009 62.0718
15119.052599 74.565 56.2837
15228.611486 74.960 50.0689
15338.964283 75.211 43.7194
15450.116741 75.347 37.5232
15562.074656 75.404 31.7165
15674.843864 75.419 26.4478
15788.430244 75.427 21.7537
15902.839718 75.452 17.5463
16018.078250 75.508 13.6229
16134.151848 75.594 9.7078
16251.066563 75.699 5.5096
16368.828491 75.801 0.7770
16487.443769 75.871 -4.6553
16606.918584 75.880 -10.8329
16727.259161 75.796 -17.6743
16848.471777 75.593 -24.9952
16970.562748 75.252 -32.5490
17093.538442 74.763 -40.0681
17217.405268 74.128 -47.3010
17342.169684 73.363 -54.0363
17467.838194 72.487 -60.1066
17594.417350 71.525 -65.3834
17721.913751 70.503 -69.7672
17850.334044 69.450 -73.1861
17979.684923 68.390 -75.6107
18109.973131 67.348 -77.0834
18241.205462 66.341 -77.7371
18373.388756 65.384 -77.7865
18506.529905 64.485 -77.4987
18640.635849 63.645 -77.1514
18775.713581 62.862 -76.9840
18911.770141 62.127 -77.1517
19048.812624 61.431 -77.7033
19186.848172 60.764 -78.5925
19325.883983 60.118 -79.7078
19465.927305 59.492 -80.9050
19606.985439 58.898 -82.0393
19749.065738 58.370 -82.9915
19892.175609 57.962 -83.6757
20036.322514 57.736 -84.0334
