* Measurement data measured by REW V5.31.3
* Source: Headset (CX31993 HIFI AUDIO), MICROPHONE (Master Volume), R, volume: 0.250
* Format: 256k Log Swept Sine, 1 sweep at -12.0 dBFS with no timing reference
* Dated: 12 31, 24 12:56:52 PM
* REW Settings:
*  C-weighting compensation: Off
*  Target level: 75.0 dB
* Note: ; 
* Measurement: Sony LB Fit Bass Boost L
* Smoothing: 1/12 octave
* Frequency Step: 96 ppo
* Start Frequency: 0.36621094 Hz
*
* Freq(Hz) SPL(dB) Phase(degrees)
0.366211 35.877 -125.3746
0.368865 35.898 -125.4107
0.371538 35.929 -125.4642
0.374230 35.967 -125.5303
0.376942 36.011 -125.6050
0.379673 36.057 -125.6854
0.382424 36.105 -125.7694
0.385196 36.154 -125.8558
0.387987 36.205 -125.9439
0.390798 36.255 -126.0335
0.393630 36.307 -126.1242
0.396483 36.358 -126.2159
0.399356 36.411 -126.3085
0.402250 36.463 -126.4021
0.405165 36.516 -126.4967
0.408101 36.569 -126.5921
0.411058 36.623 -126.6884
0.414037 36.677 -126.7856
0.417037 36.732 -126.8837
0.420059 36.787 -126.9827
0.423103 36.842 -127.0826
0.426169 36.898 -127.1833
0.429257 36.954 -127.2848
0.432368 37.010 -127.3873
0.435501 37.067 -127.4905
0.438656 37.125 -127.5946
0.441835 37.182 -127.6996
0.445037 37.241 -127.8053
0.448262 37.299 -127.9119
0.451510 37.358 -128.0194
0.454782 37.418 -128.1276
0.458077 37.478 -128.2367
0.461397 37.538 -128.3465
0.464740 37.599 -128.4572
0.468108 37.660 -128.5686
0.471500 37.721 -128.6809
0.474917 37.784 -128.7939
0.478358 37.846 -128.9078
0.481825 37.909 -129.0224
0.485316 37.972 -129.1378
0.488833 38.036 -129.2540
0.492375 38.101 -129.3710
0.495943 38.166 -129.4888
0.499537 38.231 -129.6073
0.503157 38.297 -129.7266
0.506803 38.363 -129.8467
0.510475 38.430 -129.9676
0.514175 38.497 -130.0893
0.517900 38.565 -130.2118
0.521653 38.633 -130.3350
0.525434 38.701 -130.4591
0.529241 38.771 -130.5840
0.533076 38.840 -130.7096
0.536939 38.911 -130.8361
0.540830 38.981 -130.9634
0.544749 39.053 -131.0916
0.548696 39.124 -131.2206
0.552673 39.197 -131.3504
0.556677 39.269 -131.4810
0.560711 39.343 -131.6126
0.564774 39.416 -131.7450
0.568867 39.491 -131.8783
0.572989 39.566 -132.0126
0.577141 39.641 -132.1477
0.581324 39.717 -132.2838
0.585536 39.794 -132.4208
0.589779 39.871 -132.5588
0.594053 39.949 -132.6978
0.598358 40.027 -132.8378
0.602694 40.106 -132.9789
0.607061 40.185 -133.1209
0.611460 40.265 -133.2641
0.615891 40.346 -133.4084
0.620354 40.427 -133.5537
0.624849 40.508 -133.7003
0.629377 40.591 -133.8480
0.633938 40.674 -133.9969
0.638532 40.757 -134.1471
0.643159 40.841 -134.2985
0.647819 40.926 -134.4513
0.652514 41.011 -134.6053
0.657242 41.097 -134.7608
0.662005 41.184 -134.9177
0.666802 41.271 -135.0760
0.671634 41.359 -135.2358
0.676501 41.447 -135.3972
0.681403 41.536 -135.5601
0.686341 41.626 -135.7246
0.691314 41.716 -135.8908
0.696324 41.807 -136.0587
0.701370 41.899 -136.2284
0.706452 41.990 -136.3999
0.711571 42.082 -136.5731
0.716728 42.174 -136.7482
0.721921 42.265 -136.9251
0.727153 42.355 -137.1037
0.732422 42.443 -137.2839
0.737729 42.528 -137.4656
0.743075 42.612 -137.6486
0.748460 42.695 -137.8327
0.753883 42.776 -138.0178
0.759346 42.857 -138.2039
0.764849 42.937 -138.3907
0.770391 43.017 -138.5784
0.775974 43.096 -138.7668
0.781597 43.176 -138.9559
0.787261 43.255 -139.1456
0.792966 43.334 -139.3360
0.798712 43.413 -139.5270
0.804500 43.492 -139.7186
0.810329 43.570 -139.9107
0.816201 43.649 -140.1033
0.822116 43.728 -140.2964
0.828073 43.806 -140.4900
0.834074 43.884 -140.6840
0.840118 43.963 -140.8784
0.846206 44.041 -141.0733
0.852338 44.119 -141.2684
0.858514 44.197 -141.4640
0.864735 44.275 -141.6598
0.871001 44.353 -141.8560
0.877313 44.431 -142.0525
0.883670 44.509 -142.2492
0.890074 44.587 -142.4462
0.896524 44.665 -142.6434
0.903020 44.743 -142.8409
0.909564 44.822 -143.0386
0.916155 44.900 -143.2365
0.922794 44.978 -143.4346
0.929481 45.057 -143.6329
0.936216 45.135 -143.8314
0.943000 45.214 -144.0301
0.949834 45.293 -144.2289
0.956717 45.372 -144.4279
0.963649 45.452 -144.6271
0.970632 45.531 -144.8264
0.977666 45.611 -145.0259
0.984750 45.691 -145.2256
0.991886 45.772 -145.4254
0.999074 45.853 -145.6254
1.006314 45.934 -145.8255
1.013606 46.016 -146.0259
1.020951 46.098 -146.2264
1.028349 46.181 -146.4272
1.035801 46.264 -146.6281
1.043307 46.348 -146.8293
1.050867 46.432 -147.0307
1.058482 46.517 -147.2323
1.066152 46.602 -147.4342
1.073878 46.689 -147.6363
1.081660 46.776 -147.8387
1.089498 46.863 -148.0414
1.097393 46.951 -148.2444
1.105345 47.039 -148.4476
1.113355 47.128 -148.6511
1.121423 47.217 -148.8548
1.129549 47.306 -149.0588
1.137734 47.396 -149.2630
1.145979 47.485 -149.4675
1.154283 47.575 -149.6723
1.162647 47.665 -149.8773
1.171072 47.754 -150.0825
1.179558 47.844 -150.2880
1.188106 47.935 -150.4936
1.196715 48.025 -150.6995
1.205387 48.115 -150.9057
1.214122 48.206 -151.1120
1.222920 48.297 -151.3184
1.231782 48.388 -151.5251
1.240708 48.479 -151.7318
1.249699 48.571 -151.9387
1.258754 48.663 -152.1457
1.267876 48.755 -152.3527
1.277063 48.847 -152.5597
1.286318 48.940 -152.7668
1.295639 49.033 -152.9738
1.305027 49.126 -153.1807
1.314484 49.220 -153.3875
1.324009 49.314 -153.5942
1.333604 49.409 -153.8006
1.343268 49.504 -154.0068
1.353002 49.600 -154.2128
1.362806 49.696 -154.4183
1.372681 49.792 -154.6235
1.382628 49.889 -154.8282
1.392647 49.987 -155.0324
1.402739 50.085 -155.2360
1.412904 50.184 -155.4389
1.423142 50.284 -155.6409
1.433455 50.385 -155.8419
1.443843 50.486 -156.0417
1.454305 50.587 -156.2400
1.464844 50.690 -156.4363
1.475459 50.793 -156.6303
1.486150 50.896 -156.8216
1.496920 51.000 -157.0102
1.507767 51.105 -157.1960
1.518693 51.210 -157.3791
1.529698 51.315 -157.5598
1.540783 51.421 -157.7383
1.551948 51.527 -157.9150
1.563194 51.634 -158.0903
1.574521 51.741 -158.2643
1.585931 51.849 -158.4376
1.597423 51.957 -158.6105
1.608999 52.066 -158.7833
1.620658 52.175 -158.9564
1.632402 52.285 -159.1301
1.644232 52.395 -159.3047
1.656146 52.505 -159.4807
1.668147 52.617 -159.6582
1.680235 52.728 -159.8377
1.692411 52.841 -160.0195
1.704675 52.954 -160.2039
1.717028 53.067 -160.3911
1.729470 53.181 -160.5815
1.742003 53.296 -160.7753
1.754626 53.411 -160.9727
1.767341 53.527 -161.1740
1.780147 53.643 -161.3791
1.793047 53.761 -161.5880
1.806040 53.878 -161.8004
1.819128 53.997 -162.0157
1.832310 54.116 -162.2333
1.845587 54.236 -162.4521
1.858961 54.356 -162.6713
1.872432 54.478 -162.8904
1.886001 54.599 -163.1089
1.899667 54.722 -163.3271
1.913433 54.845 -163.5450
1.927299 54.969 -163.7629
1.941265 55.093 -163.9813
1.955332 55.218 -164.2005
1.969501 55.343 -164.4212
1.983773 55.469 -164.6436
1.998148 55.596 -164.8683
2.012627 55.723 -165.0958
2.027212 55.851 -165.3266
2.041902 55.979 -165.5610
2.056698 56.108 -165.7995
2.071602 56.237 -166.0426
2.086614 56.366 -166.2908
2.101734 56.496 -166.5443
2.116964 56.626 -166.8035
2.132304 56.757 -167.0686
2.147756 56.888 -167.3397
2.163320 57.019 -167.6168
2.178996 57.150 -167.8994
2.194786 57.282 -168.1869
2.210690 57.415 -168.4784
2.226710 57.548 -168.7730
2.242845 57.681 -169.0699
2.259098 57.814 -169.3688
2.275468 57.948 -169.6695
2.291957 58.083 -169.9722
2.308566 58.218 -170.2769
2.325295 58.353 -170.5840
2.342145 58.488 -170.8939
2.359117 58.624 -171.2071
2.376212 58.760 -171.5239
2.393431 58.896 -171.8448
2.410775 59.032 -172.1702
2.428244 59.169 -172.5005
2.445840 59.305 -172.8363
2.463564 59.442 -173.1778
2.481416 59.578 -173.5255
2.499397 59.715 -173.8797
2.517509 59.851 -174.2406
2.535752 59.988 -174.6080
2.554127 60.124 -174.9819
2.572635 60.260 -175.3617
2.591277 60.396 -175.7469
2.610055 60.532 -176.1369
2.628968 60.667 -176.5312
2.648019 60.803 -176.9295
2.667208 60.939 -177.3314
2.686535 61.074 -177.7370
2.706003 61.209 -178.1460
2.725612 61.344 -178.5587
2.745363 61.479 -178.9749
2.765257 61.614 -179.3949
2.785295 61.748 -179.8188
2.805478 61.882 179.7534
2.825808 62.015 179.3214
2.846285 62.148 178.8849
2.866910 62.281 178.4438
2.887685 62.413 177.9977
2.908611 62.545 177.5466
2.929688 62.676 177.0902
2.950917 62.807 176.6284
2.972301 62.937 176.1614
2.993839 63.066 175.6893
3.015534 63.195 175.2126
3.037386 63.323 174.7318
3.059396 63.450 174.2472
3.081565 63.577 173.7595
3.103896 63.703 173.2691
3.126388 63.828 172.7765
3.149043 63.953 172.2820
3.171862 64.077 171.7861
3.194847 64.201 171.2889
3.217998 64.323 170.7905
3.241317 64.445 170.2909
3.264805 64.567 169.7898
3.288463 64.687 169.2869
3.312293 64.806 168.7817
3.336295 64.925 168.2736
3.360471 65.043 167.7626
3.384822 65.159 167.2487
3.409350 65.275 166.7323
3.434056 65.390 166.2141
3.458940 65.503 165.6947
3.484005 65.616 165.1750
3.509252 65.728 164.6558
3.534681 65.840 164.1376
3.560295 65.950 163.6212
3.586094 66.060 163.1068
3.612081 66.169 162.5948
3.638255 66.277 162.0850
3.664620 66.384 161.5769
3.691175 66.490 161.0699
3.717923 66.595 160.5635
3.744864 66.699 160.0574
3.772001 66.803 159.5518
3.799335 66.905 159.0469
3.826866 67.006 158.5436
3.854597 67.107 158.0425
3.882529 67.206 157.5444
3.910664 67.306 157.0501
3.939002 67.404 156.5602
3.967546 67.502 156.0754
3.996296 67.600 155.5957
4.025255 67.697 155.1212
4.054423 67.793 154.6515
4.083804 67.889 154.1861
4.113396 67.984 153.7247
4.143204 68.078 153.2670
4.173227 68.172 152.8131
4.203468 68.265 152.3632
4.233928 68.358 151.9174
4.264609 68.450 151.4761
4.295512 68.543 151.0397
4.326639 68.635 150.6086
4.357992 68.728 150.1829
4.389572 68.820 149.7628
4.421380 68.913 149.3482
4.453419 69.005 148.9390
4.485691 69.097 148.5349
4.518196 69.190 148.1354
4.550936 69.282 147.7402
4.583914 69.374 147.3487
4.617131 69.467 146.9605
4.650589 69.560 146.5755
4.684289 69.653 146.1932
4.718233 69.746 145.8138
4.752424 69.840 145.4370
4.786862 69.935 145.0630
4.821549 70.030 144.6920
4.856488 70.126 144.3235
4.891680 70.222 143.9572
4.927127 70.318 143.5923
4.962831 70.415 143.2281
4.998794 70.512 142.8639
5.035017 70.609 142.4987
5.071503 70.707 142.1323
5.108253 70.805 141.7640
5.145270 70.904 141.3940
5.182555 71.003 141.0222
5.220110 71.103 140.6486
5.257937 71.203 140.2732
5.296038 71.303 139.8955
5.334415 71.403 139.5151
5.373071 71.504 139.1315
5.412006 71.604 138.7440
5.451224 71.704 138.3524
5.490725 71.804 137.9561
5.530514 71.904 137.5552
5.570590 72.003 137.1498
5.610957 72.102 136.7401
5.651616 72.201 136.3264
5.692570 72.300 135.9089
5.733821 72.398 135.4881
5.775370 72.495 135.0638
5.817221 72.591 134.6363
5.859375 72.687 134.2053
5.901834 72.781 133.7709
5.944602 72.875 133.3332
5.987679 72.967 132.8927
6.031068 73.059 132.4502
6.074771 73.150 132.0065
6.118792 73.239 131.5625
6.163131 73.327 131.1189
6.207792 73.414 130.6762
6.252776 73.500 130.2345
6.298086 73.585 129.7939
6.343725 73.668 129.3547
6.389694 73.750 128.9177
6.435996 73.831 128.4838
6.482634 73.911 128.0538
6.529610 73.990 127.6288
6.576926 74.068 127.2094
6.624585 74.145 126.7959
6.672590 74.221 126.3883
6.720942 74.297 125.9868
6.769645 74.371 125.5915
6.818700 74.445 125.2028
6.868111 74.519 124.8210
6.917881 74.593 124.4466
6.968010 74.666 124.0797
7.018504 74.740 123.7203
7.069362 74.813 123.3680
7.120590 74.887 123.0225
7.172189 74.961 122.6829
7.224161 75.035 122.3487
7.276511 75.110 122.0193
7.329239 75.186 121.6944
7.382350 75.263 121.3735
7.435845 75.340 121.0558
7.489729 75.418 120.7405
7.544002 75.497 120.4263
7.598669 75.576 120.1118
7.653732 75.657 119.7961
7.709194 75.738 119.4781
7.765058 75.821 119.1573
7.821327 75.904 118.8330
7.878004 75.987 118.5043
7.935091 76.072 118.1703
7.992592 76.156 117.8298
8.050510 76.241 117.4823
8.108847 76.326 117.1271
8.167607 76.411 116.7642
8.226793 76.495 116.3934
8.286408 76.579 116.0148
8.346454 76.663 115.6284
8.406936 76.746 115.2341
8.467856 76.828 114.8322
8.529218 76.909 114.4230
8.591024 76.989 114.0073
8.653278 77.068 113.5859
8.715983 77.145 113.1599
8.779143 77.221 112.7301
8.842760 77.295 112.2973
8.906839 77.367 111.8622
8.971381 77.438 111.4260
9.036392 77.508 110.9898
9.101873 77.575 110.5550
9.167829 77.642 110.1225
9.234263 77.707 109.6932
9.301178 77.770 109.2676
9.368578 77.833 108.8465
9.436467 77.894 108.4306
9.504847 77.955 108.0206
9.573723 78.015 107.6167
9.643099 78.074 107.2192
9.712976 78.134 106.8277
9.783361 78.192 106.4421
9.854255 78.251 106.0620
9.925663 78.310 105.6869
9.997588 78.370 105.3163
10.070035 78.429 104.9493
10.143007 78.490 104.5848
10.216507 78.550 104.2219
10.290540 78.611 103.8594
10.365109 78.673 103.4964
10.440219 78.736 103.1320
10.515873 78.798 102.7651
10.592076 78.861 102.3947
10.668830 78.925 102.0201
10.746141 78.989 101.6405
10.824012 79.052 101.2557
10.902447 79.116 100.8654
10.981451 79.179 100.4693
11.061027 79.242 100.0674
11.141180 79.304 99.6600
11.221913 79.365 99.2475
11.303232 79.426 98.8306
11.385140 79.486 98.4097
11.467641 79.545 97.9856
11.550741 79.602 97.5591
11.634442 79.659 97.1310
11.718750 79.715 96.7022
11.803669 79.770 96.2736
11.889203 79.824 95.8458
11.975357 79.876 95.4194
12.062136 79.929 94.9950
12.149543 79.980 94.5732
12.237583 80.031 94.1541
12.326262 80.082 93.7379
12.415583 80.132 93.3248
12.505552 80.182 92.9145
12.596172 80.232 92.5070
12.687449 80.281 92.1019
12.779387 80.331 91.6990
12.871992 80.381 91.2978
12.965268 80.430 90.8980
13.059220 80.480 90.4992
13.153852 80.530 90.1010
13.249170 80.580 89.7032
13.345179 80.630 89.3054
13.441884 80.680 88.9074
13.539289 80.729 88.5092
13.637401 80.779 88.1104
13.736223 80.829 87.7113
13.835761 80.879 87.3116
13.936021 80.928 86.9114
14.037007 80.978 86.5107
14.138725 81.027 86.1096
14.241180 81.076 85.7082
14.344377 81.125 85.3063
14.448323 81.174 84.9042
14.553021 81.222 84.5018
14.658478 81.271 84.0993
14.764700 81.319 83.6968
14.871691 81.366 83.2944
14.979457 81.414 82.8923
15.088005 81.461 82.4909
15.197339 81.508 82.0903
15.307465 81.554 81.6909
15.418389 81.601 81.2930
15.530117 81.647 80.8969
15.642655 81.693 80.5027
15.756008 81.738 80.1106
15.870182 81.784 79.7205
15.985184 81.830 79.3321
16.101019 81.877 78.9450
16.217694 81.923 78.5584
16.335214 81.970 78.1715
16.453586 82.017 77.7831
16.572815 82.065 77.3919
16.692909 82.113 76.9968
16.813872 82.161 76.5966
16.935713 82.209 76.1900
17.058436 82.257 75.7764
17.182048 82.304 75.3555
17.306556 82.350 74.9274
17.431967 82.395 74.4927
17.558286 82.438 74.0529
17.685521 82.479 73.6096
17.813677 82.518 73.1652
17.942762 82.555 72.7226
18.072783 82.589 72.2847
18.203746 82.621 71.8545
18.335658 82.652 71.4349
18.468526 82.680 71.0284
18.602356 82.708 70.6369
18.737156 82.735 70.2614
18.872934 82.762 69.9022
19.009695 82.790 69.5585
19.147447 82.819 69.2285
19.286197 82.850 68.9099
19.425953 82.882 68.5996
19.566721 82.916 68.2941
19.708510 82.952 67.9901
19.851326 82.990 67.6846
19.995177 83.030 67.3752
20.140070 83.070 67.0600
20.286013 83.111 66.7385
20.433014 83.153 66.4109
20.581080 83.194 66.0780
20.730219 83.235 65.7415
20.880439 83.276 65.4030
21.031747 83.317 65.0642
21.184152 83.358 64.7263
21.337661 83.400 64.3895
21.492282 83.442 64.0533
21.648024 83.486 63.7159
21.804895 83.531 63.3748
21.962902 83.577 63.0268
22.122054 83.625 62.6682
22.282360 83.674 62.2958
22.443827 83.723 61.9068
22.606464 83.772 61.4998
22.770280 83.820 61.0747
22.935283 83.866 60.6330
23.101481 83.910 60.1777
23.268884 83.950 59.7131
23.437500 83.987 59.2443
23.607338 84.021 58.7767
23.778406 84.052 58.3153
23.950714 84.081 57.8645
24.124271 84.107 57.4271
24.299086 84.133 57.0045
24.475167 84.158 56.5964
24.652524 84.184 56.2014
24.831166 84.211 55.8169
25.011103 84.238 55.4397
25.192344 84.266 55.0667
25.374898 84.296 54.6954
25.558775 84.326 54.3237
25.743984 84.356 53.9505
25.930536 84.387 53.5753
26.118439 84.418 53.1982
26.307704 84.449 52.8190
26.498341 84.480 52.4375
26.690359 84.512 52.0532
26.883768 84.543 51.6652
27.078579 84.574 51.2723
27.274801 84.605 50.8740
27.472446 84.635 50.4700
27.671522 84.664 50.0613
27.872042 84.691 49.6499
28.074014 84.717 49.2386
28.277450 84.741 48.8308
28.482360 84.764 48.4296
28.688755 84.786 48.0371
28.896645 84.808 47.6542
29.106042 84.831 47.2797
29.316957 84.854 46.9107
29.529400 84.879 46.5431
29.743382 84.905 46.1722
29.958915 84.932 45.7940
30.176009 84.959 45.4057
30.394677 84.986 45.0064
30.614929 85.011 44.5977
30.836778 85.035 44.1828
31.060234 85.057 43.7659
31.285309 85.077 43.3515
31.512015 85.095 42.9435
31.740364 85.112 42.5441
31.970368 85.129 42.1540
32.202039 85.146 41.7720
32.435388 85.164 41.3958
32.670428 85.182 41.0222
32.907171 85.202 40.6483
33.145630 85.222 40.2714
33.385817 85.243 39.8898
33.627745 85.263 39.5027
33.871425 85.283 39.1102
34.116871 85.303 38.7133
34.364096 85.321 38.3135
34.613113 85.339 37.9125
34.863934 85.356 37.5123
35.116572 85.372 37.1145
35.371041 85.387 36.7205
35.627354 85.402 36.3307
35.885525 85.417 35.9452
36.145566 85.433 35.5629
36.407492 85.449 35.1823
36.671316 85.465 34.8018
36.937051 85.482 34.4196
37.204712 85.499 34.0349
37.474313 85.516 33.6470
37.745867 85.532 33.2564
38.019389 85.548 32.8638
38.294893 85.564 32.4702
38.572394 85.578 32.0767
38.851905 85.593 31.6840
39.133442 85.607 31.2925
39.417019 85.620 30.9022
39.702651 85.634 30.5128
39.990353 85.647 30.1240
40.280140 85.659 29.7353
40.572026 85.672 29.3466
40.866028 85.683 28.9578
41.162160 85.695 28.5691
41.460438 85.706 28.1805
41.760877 85.716 27.7919
42.063494 85.726 27.4028
42.368303 85.736 27.0129
42.675322 85.745 26.6217
42.984565 85.753 26.2294
43.296048 85.761 25.8371
43.609789 85.768 25.4460
43.925804 85.775 25.0577
44.244108 85.781 24.6725
44.564719 85.787 24.2897
44.887654 85.795 23.9075
45.212928 85.802 23.5236
45.540560 85.810 23.1364
45.870565 85.818 22.7449
46.202962 85.826 22.3496
46.537768 85.833 21.9517
46.875000 85.840 21.5518
47.214676 85.847 21.1507
47.556813 85.853 20.7487
47.901429 85.859 20.3461
48.248542 85.864 19.9436
48.598171 85.869 19.5423
48.950334 85.873 19.1425
49.305048 85.877 18.7439
49.662333 85.880 18.3456
50.022206 85.883 17.9465
50.384688 85.885 17.5465
50.749796 85.885 17.1468
51.117550 85.884 16.7493
51.487969 85.882 16.3561
51.861072 85.879 15.9681
52.236879 85.876 15.5850
52.615409 85.873 15.2053
52.996681 85.869 14.8271
53.380717 85.866 14.4486
53.767536 85.863 14.0682
54.157158 85.860 13.6851
54.549603 85.857 13.2985
54.944892 85.853 12.9084
55.343045 85.849 12.5157
55.744084 85.844 12.1216
56.148028 85.838 11.7283
56.554900 85.832 11.3378
56.964720 85.825 10.9523
57.377510 85.817 10.5728
57.793291 85.810 10.1995
58.212085 85.802 9.8317
58.633914 85.794 9.4681
59.058799 85.785 9.1080
59.486764 85.776 8.7510
59.917829 85.767 8.3974
60.352019 85.757 8.0465
60.789354 85.747 7.6964
61.229859 85.737 7.3436
61.673556 85.727 6.9846
62.120468 85.717 6.6173
62.570618 85.706 6.2412
63.024031 85.694 5.8577
63.480729 85.681 5.4688
63.940736 85.667 5.0765
64.404077 85.654 4.6808
64.870776 85.640 4.2800
65.340856 85.626 3.8712
65.814343 85.610 3.4553
66.291261 85.592 3.0401
66.771635 85.570 2.6409
67.255489 85.546 2.2739
67.742850 85.522 1.9467
68.233743 85.501 1.6524
68.728193 85.484 1.3743
69.226226 85.470 1.0956
69.727867 85.459 0.8073
70.233144 85.447 0.5073
70.742083 85.434 0.1955
71.254709 85.421 -0.1299
71.771050 85.405 -0.4700
72.291132 85.385 -0.8211
72.814984 85.363 -1.1758
73.342631 85.337 -1.5266
73.874102 85.310 -1.8705
74.409424 85.283 -2.2087
74.948626 85.255 -2.5435
75.491734 85.227 -2.8757
76.038779 85.199 -3.2042
76.589787 85.172 -3.5273
77.144788 85.145 -3.8449
77.703811 85.118 -4.1587
78.266885 85.091 -4.4707
78.834039 85.064 -4.7820
79.405303 85.036 -5.0924
79.980706 85.007 -5.4016
80.560280 84.977 -5.7103
81.144053 84.945 -6.0189
81.732056 84.911 -6.3268
82.324320 84.876 -6.6315
82.920876 84.840 -6.9308
83.521755 84.804 -7.2237
84.126988 84.767 -7.5104
84.736607 84.731 -7.7917
85.350643 84.695 -8.0681
85.969129 84.661 -8.3397
86.592097 84.626 -8.6073
87.219579 84.593 -8.8715
87.851608 84.559 -9.1332
88.488217 84.525 -9.3938
89.129439 84.490 -9.6541
89.775308 84.454 -9.9142
90.425856 84.416 -10.1727
91.081119 84.377 -10.4279
91.741131 84.336 -10.6790
92.405925 84.295 -10.9270
93.075536 84.253 -11.1743
93.750000 84.211 -11.4233
94.429351 84.169 -11.6750
95.113625 84.125 -11.9288
95.802858 84.080 -12.1814
96.497085 84.035 -12.4296
97.196342 83.988 -12.6717
97.900667 83.941 -12.9088
98.610096 83.893 -13.1437
99.324665 83.843 -13.3783
100.044413 83.792 -13.6122
100.769376 83.739 -13.8433
101.499592 83.683 -14.0688
102.235100 83.624 -14.2856
102.975938 83.562 -14.4887
103.722144 83.496 -14.6707
104.473757 83.426 -14.8230
105.230817 83.354 -14.9388
105.993363 83.280 -15.0146
106.761435 83.207 -15.0500
107.535072 83.135 -15.0491
108.314315 83.066 -15.0181
109.099206 83.000 -14.9622
109.889783 82.938 -14.8829
110.686090 82.882 -14.7802
111.488167 82.833 -14.6573
112.296056 82.791 -14.5243
113.109800 82.758 -14.3956
113.929440 82.732 -14.2833
114.755020 82.710 -14.1930
115.586582 82.691 -14.1251
116.424170 82.673 -14.0784
117.267827 82.655 -14.0527
118.117598 82.636 -14.0503
118.973527 82.615 -14.0743
119.835658 82.591 -14.1263
120.704037 82.563 -14.2015
121.578708 82.531 -14.2896
122.459718 82.496 -14.3802
123.347111 82.461 -14.4688
124.240935 82.425 -14.5543
125.141236 82.389 -14.6373
126.048061 82.352 -14.7172
126.961458 82.315 -14.7914
127.881473 82.276 -14.8569
128.808154 82.237 -14.9130
129.741551 82.195 -14.9615
130.681712 82.153 -15.0054
131.628686 82.111 -15.0475
132.582521 82.069 -15.0912
133.543269 82.028 -15.1408
134.510979 81.989 -15.2012
135.485701 81.950 -15.2743
136.467486 81.909 -15.3523
137.456386 81.867 -15.4175
138.452451 81.823 -15.4556
139.455735 81.779 -15.4647
140.466288 81.735 -15.4509
141.484165 81.691 -15.4224
142.509418 81.646 -15.3840
143.542100 81.599 -15.3378
144.582265 81.552 -15.2844
145.629968 81.506 -15.2260
146.685262 81.459 -15.1648
147.748204 81.415 -15.1021
148.818849 81.371 -15.0374
149.897251 81.329 -14.9692
150.983469 81.288 -14.8982
152.077557 81.248 -14.8263
153.179574 81.207 -14.7568
154.289576 81.165 -14.6914
155.407622 81.122 -14.6300
156.533770 81.078 -14.5706
157.668078 81.034 -14.5096
158.810606 80.990 -14.4441
159.961413 80.947 -14.3709
161.120559 80.904 -14.2881
162.288105 80.862 -14.1947
163.464112 80.819 -14.0927
164.648640 80.776 -13.9860
165.841752 80.733 -13.8798
167.043510 80.690 -13.7777
168.253976 80.648 -13.6799
169.473213 80.608 -13.5831
170.701286 80.569 -13.4817
171.938258 80.532 -13.3711
173.184194 80.496 -13.2487
174.439158 80.461 -13.1150
175.703216 80.427 -12.9738
176.976434 80.394 -12.8295
178.258878 80.361 -12.6846
179.550615 80.329 -12.5380
180.851713 80.297 -12.3866
182.162239 80.263 -12.2268
183.482262 80.228 -12.0563
184.811850 80.191 -11.8761
186.151073 80.155 -11.6896
187.500000 80.118 -11.5005
188.858702 80.082 -11.3118
190.227250 80.048 -11.1239
191.605715 80.014 -10.9358
192.994169 79.982 -10.7464
194.392685 79.952 -10.5546
195.801334 79.921 -10.3588
197.220191 79.890 -10.1572
198.649330 79.857 -9.9478
200.088825 79.823 -9.7301
201.538751 79.788 -9.5076
202.999184 79.753 -9.2868
204.470200 79.719 -9.0748
205.951875 79.689 -8.8741
207.444287 79.662 -8.6819
208.947514 79.638 -8.4923
210.461634 79.616 -8.2997
211.986726 79.595 -8.1016
213.522869 79.575 -7.8983
215.070144 79.554 -7.6910
216.628631 79.533 -7.4805
218.198411 79.511 -7.2659
219.779567 79.488 -7.0463
221.372180 79.465 -6.8228
222.976334 79.441 -6.5981
224.592112 79.418 -6.3755
226.219600 79.396 -6.1558
227.858880 79.375 -5.9370
229.510039 79.356 -5.7158
231.173164 79.337 -5.4889
232.848340 79.318 -5.2542
234.535655 79.299 -5.0111
236.235197 79.280 -4.7607
237.947054 79.261 -4.5033
239.671317 79.242 -4.2385
241.408074 79.224 -3.9669
243.157416 79.206 -3.6913
244.919435 79.189 -3.4165
246.694223 79.172 -3.1471
248.481871 79.156 -2.8867
250.282473 79.140 -2.6360
252.096123 79.125 -2.3920
253.922915 79.111 -2.1495
255.762945 79.098 -1.9036
257.616309 79.087 -1.6514
259.483103 79.077 -1.3940
261.363424 79.068 -1.1333
263.257372 79.060 -0.8711
265.165043 79.053 -0.6095
267.086538 79.047 -0.3521
269.021957 79.041 -0.1029
270.971401 79.034 0.1360
272.934972 79.027 0.3676
274.912771 79.018 0.5975
276.904902 79.010 0.8318
278.911469 79.001 1.0745
280.932577 78.992 1.3277
282.968330 78.984 1.5922
285.018835 78.976 1.8665
287.084199 78.970 2.1470
289.164530 78.965 2.4281
291.259935 78.960 2.7035
293.370525 78.957 2.9679
295.496408 78.954 3.2186
297.637697 78.951 3.4557
299.794503 78.950 3.6830
301.966937 78.949 3.9068
304.155114 78.949 4.1321
306.359147 78.951 4.3610
308.579152 78.952 4.5931
310.815244 78.954 4.8282
313.067539 78.955 5.0673
315.336156 78.955 5.3114
317.621211 78.953 5.5599
319.922826 78.952 5.8086
322.241118 78.951 6.0517
324.576210 78.951 6.2850
326.928223 78.953 6.5081
329.297280 78.956 6.7260
331.683504 78.961 6.9472
334.087019 78.965 7.1793
336.507952 78.971 7.4219
338.946427 78.976 7.6676
341.402572 78.981 7.9083
343.876516 78.987 8.1407
346.368387 78.994 8.3663
348.878315 79.001 8.5864
351.406431 79.010 8.8019
353.952867 79.018 9.0122
356.517756 79.026 9.2169
359.101230 79.033 9.4177
361.703426 79.038 9.6201
364.324478 79.041 9.8308
366.964523 79.045 10.0529
369.623699 79.048 10.2852
372.302145 79.052 10.5244
375.000000 79.058 10.7663
377.717405 79.065 11.0059
380.454501 79.072 11.2382
383.211431 79.081 11.4595
385.988339 79.091 11.6692
388.785369 79.101 11.8690
391.602668 79.110 12.0607
394.440383 79.119 12.2457
397.298660 79.126 12.4247
400.177650 79.131 12.5967
403.077502 79.135 12.7623
405.998368 79.139 12.9282
408.940400 79.143 13.1070
411.903750 79.148 13.3096
414.888575 79.154 13.5416
417.895028 79.160 13.8033
420.923268 79.168 14.0900
423.973452 79.180 14.3896
427.045738 79.196 14.6862
430.140287 79.217 14.9655
433.257261 79.241 15.2199
436.396822 79.266 15.4478
439.559133 79.292 15.6507
442.744360 79.316 15.8320
445.952668 79.338 15.9963
449.184225 79.358 16.1489
452.439199 79.374 16.2954
455.717760 79.387 16.4412
459.020079 79.398 16.5910
462.346327 79.407 16.7479
465.696680 79.415 16.9095
469.071310 79.424 17.0676
472.470394 79.433 17.2128
475.894109 79.444 17.3424
479.342634 79.455 17.4617
482.816148 79.469 17.5775
486.314833 79.484 17.6956
489.838871 79.502 17.8202
493.388445 79.522 17.9553
496.963741 79.543 18.1024
500.564945 79.565 18.2606
504.192245 79.586 18.4270
507.845830 79.604 18.5970
511.525890 79.620 18.7649
515.232618 79.631 18.9252
518.966206 79.641 19.0748
522.726849 79.650 19.2139
526.514743 79.660 19.3469
530.330086 79.670 19.4801
534.173076 79.682 19.6171
538.043915 79.693 19.7570
541.942803 79.706 19.8961
545.869944 79.719 20.0333
549.825542 79.733 20.1710
553.809805 79.748 20.3115
557.822939 79.764 20.4531
561.865154 79.779 20.5924
565.936660 79.793 20.7261
570.037671 79.807 20.8523
574.168399 79.819 20.9702
578.329060 79.830 21.0820
582.519870 79.838 21.1923
586.741049 79.846 21.3062
590.992817 79.853 21.4276
595.275394 79.859 21.5579
599.589005 79.866 21.6964
603.933874 79.873 21.8422
608.310228 79.881 21.9940
612.718295 79.890 22.1499
617.158304 79.901 22.3067
621.630488 79.915 22.4614
626.135079 79.929 22.6113
630.672311 79.942 22.7561
635.242423 79.953 22.8985
639.845651 79.964 23.0412
644.482237 79.973 23.1832
649.152421 79.981 23.3212
653.856447 79.989 23.4547
658.594560 79.996 23.5886
663.367008 80.004 23.7288
668.174039 80.012 23.8783
673.015903 80.022 24.0353
677.892854 80.033 24.1957
682.805145 80.045 24.3578
687.753032 80.055 24.5245
692.736774 80.065 24.6985
697.756631 80.073 24.8785
702.812863 80.079 25.0598
707.905735 80.084 25.2372
713.035511 80.090 25.4094
718.202461 80.097 25.5811
723.406852 80.106 25.7588
728.648956 80.116 25.9470
733.929047 80.128 26.1459
739.247399 80.140 26.3517
744.604290 80.151 26.5591
750.000000 80.161 26.7631
755.434809 80.171 26.9604
760.909001 80.182 27.1505
766.422861 80.193 27.3352
771.976677 80.205 27.5179
777.570739 80.216 27.7039
783.205337 80.228 27.8987
788.880766 80.240 28.1068
794.597321 80.253 28.3300
800.355301 80.267 28.5672
806.155005 80.282 28.8128
811.996736 80.299 29.0581
817.880799 80.316 29.2952
823.807501 80.333 29.5211
829.777150 80.349 29.7385
835.790057 80.366 29.9544
841.846536 80.382 30.1760
847.946903 80.400 30.4077
854.091476 80.418 30.6514
860.280575 80.440 30.9061
866.514523 80.463 31.1686
872.793644 80.487 31.4338
879.118267 80.512 31.6958
885.488720 80.538 31.9495
891.905336 80.564 32.1923
898.368450 80.589 32.4227
904.878398 80.613 32.6394
911.435520 80.638 32.8410
918.040157 80.662 33.0274
924.692655 80.687 33.2005
931.393359 80.713 33.3639
938.142619 80.740 33.5235
944.940787 80.768 33.6863
951.788218 80.799 33.8571
958.685268 80.831 34.0372
965.632296 80.866 34.2264
972.629666 80.903 34.4246
979.677741 80.942 34.6295
986.776890 80.983 34.8370
993.927482 81.025 35.0442
1001.129891 81.068 35.2480
1008.384491 81.109 35.4439
1015.691660 81.149 35.6251
1023.051781 81.185 35.7869
1030.465236 81.219 35.9294
1037.932411 81.251 36.0562
1045.453698 81.284 36.1712
1053.029486 81.318 36.2795
1060.660172 81.356 36.3868
1068.346153 81.396 36.4977
1076.087829 81.438 36.6135
1083.885605 81.480 36.7305
1091.739887 81.522 36.8426
1099.651084 81.563 36.9440
1107.619609 81.603 37.0309
1115.645878 81.641 37.1017
1123.730308 81.680 37.1548
1131.873321 81.719 37.1869
1140.075341 81.760 37.1953
1148.336797 81.802 37.1802
1156.658119 81.844 37.1443
1165.039741 81.886 37.0924
1173.482099 81.927 37.0313
1181.985634 81.966 36.9667
1190.550789 82.004 36.9029
1199.178011 82.041 36.8435
1207.867749 82.077 36.7921
1216.620457 82.112 36.7489
1225.436590 82.146 36.7096
1234.316609 82.177 36.6678
1243.260976 82.207 36.6175
1252.270157 82.233 36.5539
1261.344623 82.257 36.4730
1270.484846 82.277 36.3730
1279.691303 82.294 36.2567
1288.964474 82.308 36.1320
1298.304842 82.321 36.0090
1307.712894 82.332 35.8974
1317.189120 82.342 35.8026
1326.734016 82.352 35.7255
1336.348077 82.359 35.6630
1346.031806 82.365 35.6089
1355.785708 82.366 35.5555
1365.610290 82.364 35.4960
1375.506065 82.357 35.4261
1385.473549 82.345 35.3460
1395.513261 82.330 35.2618
1405.625726 82.311 35.1850
1415.811469 82.291 35.1288
1426.071023 82.270 35.1049
1436.404921 82.249 35.1186
1446.813703 82.228 35.1682
1457.297912 82.206 35.2484
1467.858093 82.183 35.3545
1478.494798 82.157 35.4824
1489.208581 82.128 35.6267
1500.000000 82.096 35.7794
1510.869618 82.061 35.9341
1521.818002 82.022 36.0923
1532.845723 81.982 36.2661
1543.953355 81.940 36.4745
1555.141477 81.897 36.7347
1566.410674 81.855 37.0564
1577.761531 81.814 37.4413
1589.194642 81.775 37.8857
1600.710601 81.738 38.3825
1612.310010 81.703 38.9228
1623.993473 81.668 39.4979
1635.761599 81.634 40.1017
1647.615002 81.603 40.7336
1659.554299 81.575 41.4005
1671.580114 81.552 42.1141
1683.693072 81.537 42.8864
1695.893807 81.533 43.7247
1708.182952 81.541 44.6304
1720.561150 81.566 45.5997
1733.029045 81.610 46.6240
1745.587288 81.675 47.6900
1758.236533 81.765 48.7781
1770.977440 81.880 49.8608
1783.810673 82.017 50.9025
1796.736900 82.173 51.8629
1809.756796 82.343 52.7048
1822.871040 82.520 53.4028
1836.080315 82.700 53.9471
1849.385310 82.877 54.3430
1862.786718 83.050 54.6078
1876.285239 83.218 54.7675
1889.881575 83.382 54.8519
1903.576436 83.543 54.8880
1917.370535 83.703 54.8948
1931.264593 83.864 54.8807
1945.259332 84.026 54.8440
1959.355483 84.190 54.7726
1973.553781 84.353 54.6479
1987.854965 84.512 54.4510
2002.259781 84.664 54.1691
2016.768981 84.809 53.7980
2031.383320 84.943 53.3442
2046.103561 85.067 52.8240
2060.930471 85.181 52.2609
2075.864823 85.285 51.6802
2090.907395 85.380 51.1038
2106.058972 85.467 50.5464
2121.320344 85.549 50.0125
2136.692305 85.626 49.4953
2152.175658 85.699 48.9820
2167.771210 85.768 48.4576
2183.479774 85.832 47.9104
2199.302169 85.890 47.3365
2215.239219 85.942 46.7409
2231.291755 85.988 46.1337
2247.460615 86.029 45.5271
2263.746641 86.065 44.9336
2280.150683 86.098 44.3646
2296.673595 86.128 43.8291
2313.316238 86.158 43.3301
2330.079481 86.186 42.8627
2346.964198 86.211 42.4151
2363.971268 86.233 41.9719
2381.101578 86.251 41.5191
2398.356022 86.265 41.0494
2415.735498 86.275 40.5659
2433.240913 86.282 40.0803
2450.873180 86.288 39.6099
2468.633217 86.293 39.1720
2486.521951 86.299 38.7784
2504.540314 86.306 38.4309
2522.689246 86.314 38.1204
2540.969692 86.323 37.8297
2559.382606 86.332 37.5363
2577.928947 86.339 37.2184
2596.609683 86.344 36.8613
2615.425787 86.347 36.4597
2634.378241 86.346 36.0156
2653.468031 86.342 35.5367
2672.696154 86.337 35.0334
2692.063613 86.330 34.5169
2711.571415 86.323 33.9973
2731.220579 86.314 33.4832
2751.012130 86.304 32.9843
2770.947098 86.295 32.5117
2791.026522 86.286 32.0787
2811.251451 86.280 31.6968
2831.622938 86.275 31.3698
2852.142045 86.274 31.0916
2872.809842 86.275 30.8471
2893.627406 86.277 30.6132
2914.595823 86.278 30.3637
2935.716186 86.276 30.0765
2956.989596 86.270 29.7401
2978.417161 86.259 29.3543
3000.000000 86.242 28.9283
3021.739237 86.221 28.4806
3043.636005 86.197 28.0347
3065.691446 86.170 27.6136
3087.906710 86.142 27.2344
3110.282955 86.112 26.9031
3132.821347 86.082 26.6150
3155.523062 86.050 26.3561
3178.389283 86.015 26.1077
3201.421202 85.978 25.8495
3224.620020 85.938 25.5644
3247.986946 85.895 25.2416
3271.523198 85.850 24.8796
3295.230004 85.805 24.4851
3319.108599 85.762 24.0694
3343.160228 85.719 23.6442
3367.386145 85.678 23.2198
3391.787613 85.637 22.8055
3416.365904 85.595 22.4109
3441.122300 85.553 22.0480
3466.058091 85.510 21.7314
3491.174576 85.468 21.4730
3516.473066 85.426 21.2778
3541.954880 85.386 21.1399
3567.621345 85.345 21.0430
3593.473800 85.305 20.9614
3619.513592 85.263 20.8678
3645.742080 85.219 20.7393
3672.160630 85.173 20.5634
3698.770620 85.123 20.3416
3725.573436 85.070 20.0895
3752.570477 85.014 19.8348
3779.763150 84.958 19.6090
3807.152872 84.900 19.4384
3834.741071 84.844 19.3356
3862.529185 84.788 19.2973
3890.518664 84.732 19.3053
3918.710966 84.675 19.3324
3947.107561 84.615 19.3495
3975.709929 84.552 19.3335
4004.519563 84.486 19.2722
4033.537962 84.417 19.1682
4062.766641 84.346 19.0410
4092.207123 84.275 18.9218
4121.860942 84.203 18.8452
4151.729646 84.133 18.8403
4181.814790 84.065 18.9218
4212.117944 83.999 19.0848
4242.640687 83.933 19.3060
4273.384610 83.868 19.5513
4304.351317 83.801 19.7866
4335.542421 83.733 19.9878
4366.959549 83.664 20.1462
4398.604338 83.594 20.2703
4430.478438 83.524 20.3853
4462.583511 83.456 20.5264
4494.921231 83.390 20.7303
4527.493283 83.328 21.0232
4560.301365 83.270 21.4136
4593.347189 83.216 21.8907
4626.632476 83.166 22.4276
4660.158962 83.120 22.9878
4693.928395 83.076 23.5341
4727.942535 83.036 24.0367
4762.203156 82.999 24.4793
4796.712043 82.968 24.8613
4831.470996 82.942 25.1949
4866.481826 82.925 25.4969
4901.746360 82.916 25.7834
4937.266434 82.917 26.0668
4973.043902 82.929 26.3556
5009.080628 82.953 26.6579
5045.378492 82.988 26.9851
5081.939384 83.036 27.3508
5118.765212 83.098 27.7657
5155.857894 83.173 28.2296
5193.219366 83.262 28.7244
5230.851574 83.363 29.2126
5268.756481 83.475 29.6419
5306.936062 83.596 29.9548
5345.392309 83.724 30.1008
5384.127225 83.855 30.0470
5423.142830 83.988 29.7838
5462.441159 84.121 29.3268
5502.024259 84.252 28.7112
5541.894195 84.379 27.9819
5582.053045 84.498 27.1796
5622.502902 84.607 26.3284
5663.245876 84.704 25.4323
5704.284090 84.783 24.4762
5745.619684 84.842 23.4341
5787.254813 84.878 22.2783
5829.191647 84.887 20.9897
5871.432373 84.868 19.5651
5913.979192 84.819 18.0216
5956.834323 84.743 16.3940
6000.000000 84.639 14.7283
6043.478473 84.510 13.0723
6087.272010 84.356 11.4708
6131.382892 84.180 9.9651
6175.813420 83.983 8.5948
6220.565910 83.767 7.4025
6265.642695 83.537 6.4336
6311.046124 83.297 5.7338
6356.778566 83.056 5.3331
6402.842404 82.821 5.2246
6449.240040 82.597 5.3489
6495.973891 82.385 5.6084
6543.046396 82.176 5.9138
6590.460007 81.961 6.2257
6638.217197 81.734 6.5548
6686.320456 81.494 6.9382
6734.772290 81.246 7.4255
6783.575226 80.996 8.0721
6832.731809 80.753 8.9374
6882.244600 80.524 10.0795
6932.116181 80.314 11.5466
6982.349153 80.133 13.3623
7032.946133 79.987 15.5101
7083.909760 79.885 17.9227
7135.242690 79.833 20.4838
7186.947600 79.835 23.0476
7239.027185 79.891 25.4853
7291.484160 79.997 27.7308
7344.321260 80.154 29.7794
7397.541239 80.367 31.6448
7451.146872 80.641 33.3203
7505.140954 80.981 34.7664
7559.526299 81.388 35.9175
7614.305743 81.854 36.6977
7669.482141 82.372 37.0357
7725.058371 82.925 36.8762
7781.037328 83.497 36.1854
7837.421932 84.066 34.9514
7894.215122 84.610 33.1772
7951.419859 85.108 30.8765
8009.039125 85.537 28.0755
8067.075924 85.879 24.8206
8125.533282 86.120 21.1855
8184.414245 86.250 17.2727
8243.721885 86.269 13.2111
8303.459292 86.180 9.1531
8363.629581 85.997 5.2641
8424.235888 85.736 1.7054
8485.281374 85.417 -1.3851
8546.769221 85.062 -3.9099
8608.702634 84.692 -5.8270
8671.084842 84.325 -7.1605
8733.919097 83.976 -7.9968
8797.208675 83.656 -8.4656
8860.956876 83.370 -8.7158
8925.167022 83.119 -8.8895
8989.842461 82.905 -9.0972
9054.986566 82.724 -9.3999
9120.602731 82.577 -9.8095
9186.694378 82.460 -10.3001
9253.264952 82.371 -10.8261
9320.317925 82.307 -11.3435
9387.856790 82.266 -11.8348
9455.885071 82.242 -12.3263
9524.406312 82.233 -12.8877
9593.424086 82.231 -13.6136
9662.941992 82.232 -14.6001
9732.963653 82.228 -15.9249
9803.492719 82.215 -17.6298
9874.532869 82.185 -19.7076
9946.087805 82.132 -22.1029
10018.161257 82.050 -24.7263
10090.756983 81.934 -27.4725
10163.878768 81.777 -30.2399
10237.530423 81.575 -32.9501
10311.715789 81.325 -35.5616
10386.438732 81.023 -38.0690
10461.703149 80.668 -40.4896
10537.512962 80.261 -42.8501
10613.872125 79.801 -45.1723
10690.784618 79.292 -47.4552
10768.254450 78.738 -49.6630
10846.285661 78.144 -51.7257
10924.882318 77.517 -53.5512
11004.048518 76.861 -55.0413
11083.788390 76.186 -56.1102
11164.106090 75.496 -56.7070
11245.005805 74.799 -56.8315
11326.491752 74.098 -56.5331
11408.568180 73.398 -55.8958
11491.239368 72.700 -55.0209
11574.509626 72.008 -54.0078
11658.383294 71.323 -52.9298
11742.864745 70.646 -51.8175
11827.958384 69.980 -50.6627
11913.668646 69.327 -49.4349
12000.000000 68.688 -48.0978
12086.956947 68.065 -46.6152
12174.544019 67.460 -44.9514
12262.765784 66.873 -43.0673
12351.626840 66.305 -40.9148
12441.131819 65.756 -38.4332
12531.285389 65.226 -35.5531
12622.092249 64.718 -32.2139
12713.557132 64.233 -28.3877
12805.684808 63.773 -24.0918
12898.480079 63.338 -19.3821
12991.947783 62.932 -14.3335
13086.092792 62.561 -9.0133
13180.920015 62.234 -3.4535
13276.434395 61.967 2.3734
13372.640911 61.782 8.5564
13469.544580 61.707 15.2205
13567.150452 61.776 22.4762
13665.463617 62.023 30.3458
13764.489200 62.475 38.6715
13864.232362 63.139 47.0636
13964.698305 64.006 54.9586
14065.892266 65.043 61.7768
14167.819519 66.207 67.0726
14270.485380 67.447 70.6008
14373.895200 68.718 72.3008
14478.054370 69.974 72.2459
14582.968320 71.178 70.5864
14688.642520 72.294 67.5106
14795.082478 73.294 63.2287
14902.293745 74.152 57.9734
15010.281908 74.851 52.0066
15119.052599 75.384 45.6206
15228.611486 75.755 39.1260
15338.964283 75.983 32.8250
15450.116741 76.096 26.9739
15562.074656 76.130 21.7449
15674.843864 76.122 17.1887
15788.430244 76.107 13.2160
15902.839718 76.109 9.6143
16018.078250 76.142 6.0961
16134.151848 76.204 2.3588
16251.066563 76.285 -1.8577
16368.828491 76.364 -6.7180
16487.443769 76.411 -12.2601
16606.918584 76.397 -18.3987
16727.259161 76.291 -24.9520
16848.471777 76.065 -31.6686
16970.562748 75.701 -38.2604
17093.538442 75.191 -44.4500
17217.405268 74.540 -50.0243
17342.169684 73.759 -54.8628
17467.838194 72.870 -58.9364
17594.417350 71.897 -62.2914
17721.913751 70.866 -65.0225
17850.334044 69.802 -67.2335
17979.684923 68.731 -69.0015
18109.973131 67.674 -70.3600
18241.205462 66.652 -71.3050
18373.388756 65.680 -71.8115
18506.529905 64.767 -71.8625
18640.635849 63.915 -71.4903
18775.713581 63.124 -70.8027
18911.770141 62.383 -69.9741
19048.812624 61.683 -69.2123
19186.848172 61.012 -68.7196
19325.883983 60.361 -68.6509
19465.927305 59.727 -69.0698
19606.985439 59.123 -69.9154
19749.065738 58.584 -70.9967
19892.175609 58.166 -72.0173
20036.322514 57.934 -72.6451
