10.000000	0.000
20.000000	0.000
23.107054	0.000
23.274498	0.000
23.443153	0.000
23.613033	0.001
23.784142	0.001
23.956491	0.001
24.130091	0.001
24.304947	0.001
24.481071	0.002
24.658470	0.002
24.837156	0.002
25.017136	0.002
25.198421	0.003
25.381020	0.003
25.564941	0.003
25.750195	0.003
25.936790	0.004
26.124741	0.004
26.314051	0.004
26.504732	0.004
26.696796	0.005
26.890253	0.005
27.085112	0.005
27.281382	0.005
27.479073	0.006
27.678198	0.006
27.878765	0.006
28.080786	0.007
28.284271	0.007
28.489231	0.007
28.695675	0.007
28.903616	0.008
29.113064	0.008
29.324028	0.008
29.536524	0.009
29.750557	0.009
29.966141	0.009
30.183289	0.010
30.402010	0.010
30.622314	0.010
30.844217	0.010
31.067726	0.011
31.292856	0.011
31.519617	0.011
31.748020	0.012
31.978081	0.012
32.209808	0.012
32.443211	0.013
32.678310	0.013
32.915108	0.014
33.153625	0.014
33.393871	0.014
33.635857	0.015
33.879597	0.015
34.125103	0.015
34.372387	0.016
34.621464	0.016
34.872345	0.016
35.125042	0.017
35.379574	0.017
35.635948	0.018
35.894180	0.018
36.154285	0.018
36.416275	0.019
36.680161	0.019
36.945961	0.020
37.213688	0.020
37.483353	0.020
37.754974	0.021
38.028561	0.021
38.304131	0.022
38.581699	0.022
38.861279	0.022
39.142883	0.023
39.426529	0.023
39.712231	0.024
40.000000	0.024
40.289856	0.025
40.581814	0.025
40.875885	0.026
41.172089	0.026
41.470440	0.026
41.770950	0.027
42.073643	0.027
42.378525	0.028
42.685616	0.028
42.994934	0.029
43.306492	0.029
43.620308	0.030
43.936401	0.030
44.254780	0.031
44.575470	0.031
44.898483	0.032
45.223835	0.032
45.551544	0.032
45.881630	0.033
46.214108	0.033
46.548996	0.034
46.886307	0.034
47.226067	0.035
47.568283	0.035
47.912983	0.036
48.260181	0.036
48.609894	0.037
48.962143	0.037
49.316940	0.038
49.674313	0.038
50.034271	0.039
50.396843	0.039
50.762039	0.040
51.129883	0.040
51.500389	0.041
51.873581	0.041
52.249481	0.042
52.628101	0.042
53.009464	0.043
53.393593	0.043
53.780506	0.044
54.170223	0.044
54.562763	0.045
54.958145	0.045
55.356396	0.046
55.757530	0.047
56.161572	0.047
56.568542	0.048
56.978462	0.048
57.391350	0.049
57.807232	0.049
58.226128	0.050
58.648056	0.050
59.073048	0.051
59.501114	0.052
59.932281	0.052
60.366577	0.053
60.804020	0.053
61.244629	0.054
61.688435	0.055
62.135452	0.055
62.585712	0.056
63.039234	0.057
63.496040	0.057
63.956161	0.058
64.419617	0.059
64.886421	0.059
65.356621	0.060
65.830215	0.061
66.307251	0.061
66.787743	0.062
67.271713	0.063
67.759193	0.064
68.250206	0.064
68.744774	0.065
69.242928	0.066
69.744690	0.067
70.250084	0.067
70.759148	0.068
71.271896	0.069
71.788361	0.070
72.308571	0.071
72.832550	0.071
73.360321	0.072
73.891922	0.073
74.427376	0.074
74.966705	0.075
75.509949	0.076
76.057121	0.077
76.608261	0.078
77.163399	0.079
77.722557	0.080
78.285767	0.081
78.853058	0.082
79.424461	0.083
80.000000	0.084
80.579712	0.085
81.163628	0.086
81.751770	0.087
82.344177	0.089
82.940880	0.090
83.541901	0.091
84.147285	0.092
84.757050	0.094
85.371231	0.095
85.989868	0.096
86.612984	0.098
87.240616	0.099
87.872803	0.101
88.509560	0.102
89.150940	0.104
89.796967	0.105
90.447670	0.107
91.103088	0.109
91.763260	0.110
92.428215	0.112
93.097992	0.114
93.772614	0.115
94.452133	0.117
95.136566	0.119
95.825966	0.120
96.520363	0.122
97.219788	0.124
97.924286	0.126
98.633881	0.127
99.348625	0.129
100.068542	0.131
100.793686	0.132
101.524078	0.134
102.259766	0.136
103.000778	0.137
103.747162	0.139
104.498962	0.140
105.256203	0.142
106.018929	0.143
106.787186	0.145
107.561012	0.147
108.340446	0.148
109.125526	0.150
109.916290	0.151
110.712791	0.153
111.515060	0.154
112.323143	0.156
113.137085	0.157
113.956924	0.159
114.782700	0.160
115.614464	0.162
116.452255	0.163
117.296112	0.165
118.146095	0.167
119.002228	0.169
119.864563	0.170
120.733154	0.172
121.608040	0.174
122.489258	0.176
123.376869	0.179
124.270905	0.181
125.171425	0.183
126.078468	0.186
126.992081	0.188
127.912323	0.191
128.839233	0.194
129.772842	0.196
130.713242	0.199
131.660431	0.203
132.614502	0.206
133.575485	0.209
134.543427	0.212
135.518387	0.216
136.500412	0.219
137.489548	0.223
138.485855	0.226
139.489380	0.230
140.500168	0.233
141.518295	0.237
142.543793	0.241
143.576721	0.244
144.617142	0.248
145.665100	0.252
146.720642	0.256
147.783844	0.260
148.854752	0.263
149.933411	0.267
151.019897	0.271
152.114243	0.275
153.216522	0.279
154.326797	0.283
155.445114	0.287
156.571533	0.291
157.706116	0.295
158.848923	0.299
160.000000	0.303
161.159424	0.308
162.327255	0.312
163.503540	0.316
164.688354	0.321
165.881760	0.325
167.083801	0.330
168.294571	0.335
169.514099	0.340
170.742462	0.344
171.979736	0.349
173.225967	0.354
174.481232	0.359
175.745605	0.364
177.019119	0.370
178.301880	0.375
179.593933	0.380
180.895340	0.385
182.206177	0.391
183.526520	0.396
184.856430	0.402
186.195984	0.407
187.545227	0.413
188.904266	0.419
190.273132	0.425
191.651932	0.430
193.040726	0.436
194.439575	0.442
195.848572	0.448
197.267761	0.454
198.697250	0.460
200.137085	0.466
201.587372	0.473
203.048157	0.479
204.519531	0.485
206.001556	0.492
207.494324	0.498
208.997925	0.505
210.512405	0.512
212.037857	0.519
213.574371	0.526
215.122025	0.533
216.680893	0.540
218.251053	0.548
219.832581	0.555
221.425583	0.563
223.030121	0.571
224.646286	0.579
226.274170	0.587
227.913849	0.595
229.565399	0.604
231.228928	0.612
232.904510	0.621
234.592224	0.630
236.292191	0.639
238.004456	0.648
239.729126	0.657
241.466309	0.666
243.216080	0.675
244.978516	0.685
246.753738	0.694
248.541809	0.703
250.342850	0.713
252.156937	0.722
253.984161	0.732
255.824646	0.741
257.678467	0.751
259.545685	0.761
261.426483	0.770
263.320862	0.780
265.229004	0.790
267.150970	0.800
269.086853	0.810
271.036774	0.820
273.000824	0.830
274.979095	0.840
276.971710	0.851
278.978760	0.862
281.000336	0.873
283.036591	0.884
285.087585	0.895
287.153442	0.907
289.234283	0.919
291.330200	0.931
293.441284	0.943
295.567688	0.956
297.709503	0.969
299.866821	0.982
302.039795	0.995
304.228485	1.008
306.433044	1.022
308.653595	1.036
310.890228	1.050
313.143066	1.064
315.412231	1.078
317.697845	1.093
320.000000	1.108
322.318848	1.122
324.654510	1.138
327.007080	1.153
329.376709	1.168
331.763519	1.184
334.167603	1.199
336.589142	1.215
339.028198	1.231
341.484924	1.247
343.959473	1.263
346.451935	1.278
348.962463	1.294
351.491211	1.310
354.038239	1.326
356.603760	1.343
359.187866	1.359
361.790680	1.374
364.412354	1.389
367.053040	1.403
369.712860	1.418
372.391968	1.433
375.090454	1.449
377.808533	1.466
380.546265	1.484
383.303864	1.502
386.081451	1.521
388.879150	1.539
391.697144	1.557
394.535522	1.575
397.394501	1.593
400.274170	1.612
403.174744	1.632
406.096313	1.652
409.039062	1.671
412.003113	1.691
414.988647	1.710
417.995850	1.730
421.024811	1.750
424.075714	1.771
427.148743	1.791
430.244049	1.812
433.361786	1.832
436.502106	1.853
439.665161	1.875
442.851166	1.896
446.060242	1.917
449.292572	1.938
452.548340	1.959
455.827698	1.980
459.130798	2.001
462.457855	2.022
465.809021	2.043
469.184448	2.064
472.584381	2.086
476.008911	2.107
479.458252	2.128
482.932617	2.149
486.432159	2.171
489.957031	2.193
493.507477	2.215
497.083618	2.237
500.685699	2.260
504.313873	2.282
507.968323	2.304
511.649292	2.327
515.356934	2.349
519.091370	2.371
522.852966	2.393
526.641724	2.416
530.458008	2.438
534.301941	2.461
538.173706	2.483
542.073547	2.506
546.001648	2.528
549.958191	2.551
553.943420	2.573
557.957520	2.596
562.000671	2.619
566.073181	2.642
570.175171	2.666
574.306885	2.690
578.468567	2.714
582.660400	2.738
586.882568	2.762
591.135376	2.785
595.419006	2.809
599.733643	2.833
604.079590	2.856
608.456970	2.880
612.866089	2.903
617.307190	2.926
621.780457	2.949
626.286133	2.972
630.824463	2.995
635.395691	3.017
640.000000	3.039
644.637695	3.061
649.309021	3.083
654.014160	3.104
658.753418	3.125
663.527039	3.146
668.335205	3.166
673.178284	3.185
678.056396	3.204
682.969849	3.222
687.918945	3.239
692.903870	3.253
697.924927	3.266
702.982422	3.277
708.076477	3.288
713.207520	3.297
718.375732	3.306
723.581360	3.314
728.824707	3.321
734.106079	3.327
739.425720	3.332
744.783936	3.336
750.180908	3.340
755.617065	3.342
761.092529	3.343
766.607727	3.343
772.162903	3.342
777.758301	3.340
783.394287	3.337
789.071045	3.333
794.789001	3.328
800.548340	3.323
806.349487	3.316
812.192627	3.308
818.078125	3.300
824.006226	3.291
829.977295	3.281
835.991699	3.271
842.049622	3.261
848.151428	3.251
854.297485	3.242
860.488098	3.234
866.723572	3.229
873.004211	3.227
879.330322	3.227
885.702332	3.227
892.120483	3.229
898.585144	3.231
905.096680	3.235
911.655396	3.240
918.261597	3.246
924.915710	3.254
931.618042	3.263
938.368896	3.273
945.168762	3.286
952.017822	3.299
958.916504	3.315
965.865234	3.331
972.864319	3.350
979.914062	3.370
987.014954	3.391
994.167236	3.414
1001.371399	3.438
1008.627747	3.464
1015.936646	3.491
1023.298584	3.518
1030.713867	3.546
1038.182739	3.574
1045.705933	3.600
1053.283447	3.626
1060.916016	3.654
1068.603882	3.681
1076.347412	3.710
1084.147095	3.740
1092.003296	3.770
1099.916382	3.802
1107.886841	3.834
1115.915039	3.867
1124.001343	3.902
1132.146362	3.937
1140.350342	3.974
1148.613770	4.012
1156.937134	4.052
1165.320801	4.093
1173.765137	4.135
1182.270752	4.179
1190.838013	4.225
1199.467285	4.272
1208.159180	4.321
1216.913940	4.372
1225.732178	4.424
1234.614380	4.478
1243.560913	4.534
1252.572266	4.592
1261.648926	4.652
1270.791382	4.714
1280.000000	4.778
1289.275391	4.844
1298.618042	4.911
1308.028320	4.980
1317.506836	5.052
1327.054077	5.125
1336.670410	5.200
1346.356567	5.276
1356.112793	5.355
1365.939697	5.435
1375.837891	5.516
1385.807739	5.599
1395.849854	5.684
1405.964844	5.770
1416.152954	5.857
1426.415039	5.946
1436.751465	6.035
1447.162720	6.126
1457.649414	6.218
1468.212158	6.311
1478.851440	6.405
1489.567871	6.500
1500.361816	6.595
1511.234131	6.691
1522.185059	6.788
1533.215454	6.886
1544.325806	6.984
1555.516602	7.083
1566.788574	7.182
1578.142090	7.282
1589.578003	7.382
1601.096680	7.483
1612.698975	7.584
1624.385254	7.686
1636.156250	7.788
1648.012451	7.891
1659.954590	7.994
1671.983398	8.099
1684.099243	8.204
1696.302856	8.309
1708.594971	8.416
1720.976196	8.523
1733.447144	8.632
1746.008423	8.742
1758.660645	8.853
1771.404663	8.965
1784.240967	9.079
1797.170288	9.194
1810.193359	9.311
1823.310791	9.430
1836.523193	9.550
1849.831421	9.673
1863.236084	9.797
1876.737793	9.922
1890.337524	10.050
1904.035645	10.180
1917.833008	10.311
1931.730469	10.445
1945.728638	10.580
1959.828125	10.716
1974.029907	10.855
1988.334473	10.995
2002.742798	11.136
2017.255493	11.278
2031.873291	11.421
2046.597168	11.564
2061.427734	11.708
2076.365479	11.852
2091.411865	11.997
2106.566895	12.141
2121.832031	12.284
2137.207764	12.425
2152.694824	12.566
2168.294189	12.706
2184.006592	12.843
2199.832764	12.977
2215.773682	13.110
2231.830078	13.239
2248.002686	13.364
2264.292725	13.486
2280.700684	13.604
2297.227539	13.718
2313.874268	13.827
2330.641602	13.931
2347.530273	14.030
2364.541504	14.122
2381.676025	14.209
2398.934570	14.290
2416.318359	14.365
2433.827881	14.432
2451.464355	14.493
2469.228760	14.546
2487.121826	14.592
2505.144531	14.631
2523.297852	14.661
2541.582764	14.684
2560.000000	14.698
2578.550781	14.705
2597.236084	14.703
2616.056641	14.693
2635.013672	14.675
2654.108154	14.648
2673.340820	14.614
2692.713135	14.571
2712.225586	14.521
2731.879395	14.464
2751.675781	14.399
2771.615479	14.328
2791.699707	14.251
2811.929688	14.169
2832.305908	14.081
2852.830078	13.990
2873.502930	13.895
2894.325439	13.798
2915.298828	13.702
2936.424316	13.609
2957.702881	13.521
2979.135742	13.436
3000.723633	13.353
3022.468262	13.273
3044.370117	13.194
3066.430908	13.119
3088.651611	13.046
3111.033203	12.976
3133.577148	12.909
3156.284180	12.844
3179.156006	12.783
3202.193359	12.725
3225.397949	12.670
3248.770508	12.617
3272.312500	12.566
3296.024902	12.518
3319.909180	12.471
3343.966797	12.426
3368.198486	12.382
3392.605713	12.339
3417.189941	12.297
3441.952393	12.256
3466.894287	12.215
3492.016846	12.176
3517.321289	12.137
3542.809326	12.099
3568.481934	12.062
3594.340576	12.025
3620.386719	11.989
3646.621582	11.954
3673.046387	11.920
3699.662842	11.886
3726.472168	11.854
3753.475586	11.821
3780.675049	11.790
3808.071289	11.758
3835.666016	11.728
3863.460938	11.697
3891.457275	11.667
3919.656250	11.636
3948.059814	11.606
3976.668945	11.576
4005.485596	11.546
4034.510986	11.516
4063.746582	11.485
4093.194336	11.454
4122.855469	11.422
4152.730957	11.390
4182.823730	11.357
4213.133789	11.323
4243.664062	11.288
4274.415527	11.252
4305.389648	11.215
4336.588379	11.178
4368.013184	11.139
4399.665527	11.099
4431.547363	11.059
4463.660156	11.017
4496.005371	10.976
4528.585449	10.934
4561.401367	10.891
4594.455078	10.848
4627.748535	10.805
4661.283203	10.762
4695.060547	10.719
4729.083008	10.676
4763.352051	10.633
4797.869141	10.590
4832.636719	10.547
4867.655762	10.504
4902.928711	10.461
4938.457520	10.419
4974.243652	10.377
5010.289062	10.336
5046.595703	10.295
5083.165527	10.256
5120.000000	10.217
5157.101562	10.179
5194.472168	10.142
5232.113281	10.107
5270.027344	10.073
5308.216309	10.041
5346.681641	10.010
5385.426270	9.981
5424.451172	9.954
5463.758789	9.929
5503.351562	9.905
5543.230957	9.883
5583.399414	9.863
5623.859375	9.844
5664.611816	9.827
5705.660156	9.811
5747.005859	9.797
5788.650879	9.783
5830.597656	9.771
5872.848633	9.760
5915.405762	9.749
5958.271484	9.739
6001.447266	9.729
6044.936523	9.719
6088.740234	9.709
6132.861816	9.699
6177.303223	9.689
6222.066406	9.677
6267.154297	9.664
6312.568359	9.650
6358.312012	9.635
6404.386719	9.621
6450.795898	9.608
6497.541016	9.594
6544.625000	9.578
6592.049805	9.560
6639.818359	9.539
6687.933594	9.515
6736.396973	9.490
6785.211426	9.466
6834.379883	9.444
6883.904785	9.422
6933.788574	9.402
6984.033691	9.385
7034.642578	9.370
7085.618652	9.358
7136.963867	9.356
7188.681152	9.368
7240.773438	9.404
7293.243164	9.472
7346.092773	9.575
7399.325684	9.710
7452.944336	9.869
7506.951172	10.043
7561.350098	10.241
7616.142578	10.471
7671.332031	10.743
7726.921875	11.069
7782.914551	11.438
7839.312500	11.812
7896.119629	12.159
7953.337891	12.454
8010.971191	12.675
8069.021973	12.804
8127.493164	12.827
8186.388672	12.737
8245.710938	12.526
8305.461914	12.193
8365.647461	11.739
8426.267578	11.172
8487.328125	10.509
8548.831055	9.778
8610.779297	9.018
8673.176758	8.279
8736.026367	7.613
8799.331055	7.059
8863.094727	6.625
8927.320312	6.292
8992.010742	6.020
9057.170898	5.777
9122.802734	5.545
9188.910156	5.333
9255.497070	5.172
9322.566406	5.102
9390.121094	5.158
9458.166016	5.349
9526.704102	5.649
9595.738281	6.011
9665.273438	6.383
9735.311523	6.717
9805.857422	6.976
9876.915039	7.134
9948.487305	7.174
10020.578125	7.087
10093.191406	6.869
10166.331055	6.524
10240.000000	6.066
10314.203125	5.521
10388.944336	4.932
10464.226562	4.357
10540.054688	3.860
10616.432617	3.493
10693.363281	3.276
10770.852539	3.196
10848.902344	3.220
10927.517578	3.317
11006.703125	3.471
11086.461914	3.682
11166.798828	3.955
11247.718750	4.295
11329.223633	4.696
11411.320312	5.145
11494.011719	5.621
11577.301758	6.104
11661.195312	6.573
11745.697266	7.010
11830.811523	7.397
11916.542969	7.720
12002.894531	7.961
12089.873047	8.110
12177.480469	8.156
12265.723633	8.097
12354.606445	7.937
12444.132812	7.693
12534.308594	7.395
12625.136719	7.084
12716.624023	6.802
12808.773438	6.581
12901.591797	6.432
12995.082031	6.350
13089.250000	6.331
13184.099609	6.387
13279.636719	6.545
13375.867188	6.824
13472.793945	7.204
13570.422852	7.619
13668.759766	7.979
13767.809570	8.199
13867.577148	8.217
13968.067383	8.001
14069.285156	7.546
14171.237305	6.896
14273.927734	6.151
14377.362305	5.351
14481.546875	4.540
14586.486328	3.771
14692.185547	3.081
14798.651367	2.489
14905.888672	1.998
15013.902344	1.607
15122.700195	1.306
15232.285156	1.073
15342.664062	0.888
15453.843750	0.736
15565.829102	0.608
15678.625000	0.501
15792.239258	0.410
15906.675781	0.332
16021.942383	0.265
16138.043945	0.209
16254.986328	0.161
16372.777344	0.121
16491.421875	0.088
16610.923828	0.061
16731.294922	0.040
16852.535156	0.025
16974.656250	0.014
17097.662109	0.007
17221.558594	0.004
17346.353516	0.003
17472.052734	0.003
17598.662109	0.003
17726.189453	0.003
17854.640625	0.003
17984.021484	0.003
18114.341797	0.003
18245.605469	0.003
18377.820312	0.003
18510.994141	0.003
18645.132812	0.003
18780.242188	0.003
18916.332031	0.003
19053.408203	0.003
19191.476562	0.003
19330.546875	0.003
19470.623047	0.003
19611.714844	0.003
19753.830078	0.003
19896.974609	0.003
20041.156250	0.003
20186.382812	0.003
20332.662109	0.003
20480.000000	0.003
20628.406250	0.003
20777.888672	0.003
20928.453125	0.003
