* Measurement data measured by REW V5.31.3
* Source: Headset (2- CX31993 HIFI AUDIO), MICROPHONE (Master Volume), R, volume: 0.250
* Format: 256k Log Swept Sine, 1 sweep at -12.0 dBFS with no timing reference
* Dated: 11 5, 24 6:06:02 PM
* REW Settings:
*  C-weighting compensation: Off
*  Target level: 75.0 dB
* Note: ; 
* Measurement: 7A Supernova 11-05-2024 R
* Smoothing: 1/12 octave
* Frequency Step: 96 ppo
* Start Frequency: 0.36621094 Hz
*
* Freq(Hz) SPL(dB) Phase(degrees)
0.366211 54.988 59.6003
0.368865 55.015 59.4682
0.371538 55.054 59.2718
0.374230 55.102 59.0278
0.376942 55.156 58.7505
0.379673 55.213 58.4502
0.382424 55.274 58.1338
0.385196 55.335 57.8057
0.387987 55.398 57.4684
0.390798 55.462 57.1232
0.393630 55.526 56.7710
0.396483 55.591 56.4123
0.399356 55.656 56.0474
0.402250 55.722 55.6765
0.405165 55.788 55.2997
0.408101 55.854 54.9172
0.411058 55.922 54.5292
0.414037 55.989 54.1357
0.417037 56.057 53.7370
0.420059 56.126 53.3332
0.423103 56.195 52.9244
0.426169 56.265 52.5109
0.429257 56.335 52.0927
0.432368 56.406 51.6701
0.435501 56.477 51.2433
0.438656 56.548 50.8123
0.441835 56.621 50.3775
0.445037 56.693 49.9390
0.448262 56.767 49.4970
0.451510 56.840 49.0517
0.454782 56.915 48.6034
0.458077 56.989 48.1522
0.461397 57.065 47.6983
0.464740 57.141 47.2421
0.468108 57.217 46.7836
0.471500 57.294 46.3231
0.474917 57.372 45.8609
0.478358 57.450 45.3971
0.481825 57.529 44.9320
0.485316 57.608 44.4659
0.488833 57.688 43.9988
0.492375 57.769 43.5312
0.495943 57.850 43.0631
0.499537 57.931 42.5949
0.503157 58.013 42.1266
0.506803 58.096 41.6587
0.510475 58.180 41.1912
0.514175 58.264 40.7244
0.517900 58.348 40.2585
0.521653 58.434 39.7937
0.525434 58.520 39.3302
0.529241 58.606 38.8682
0.533076 58.693 38.4079
0.536939 58.781 37.9495
0.540830 58.869 37.4932
0.544749 58.958 37.0392
0.548696 59.048 36.5875
0.552673 59.138 36.1385
0.556677 59.229 35.6923
0.560711 59.321 35.2490
0.564774 59.413 34.8088
0.568867 59.506 34.3718
0.572989 59.600 33.9382
0.577141 59.694 33.5081
0.581324 59.789 33.0817
0.585536 59.885 32.6590
0.589779 59.981 32.2401
0.594053 60.078 31.8253
0.598358 60.176 31.4145
0.602694 60.275 31.0079
0.607061 60.374 30.6056
0.611460 60.474 30.2077
0.615891 60.575 29.8142
0.620354 60.676 29.4253
0.624849 60.778 29.0409
0.629377 60.881 28.6612
0.633938 60.985 28.2861
0.638532 61.089 27.9159
0.643159 61.194 27.5505
0.647819 61.300 27.1899
0.652514 61.407 26.8342
0.657242 61.514 26.4834
0.662005 61.623 26.1376
0.666802 61.732 25.7968
0.671634 61.841 25.4609
0.676501 61.952 25.1300
0.681403 62.063 24.8040
0.686341 62.175 24.4828
0.691314 62.288 24.1660
0.696324 62.402 23.8533
0.701370 62.516 23.5438
0.706452 62.631 23.2358
0.711571 62.746 22.9270
0.716728 62.860 22.6134
0.721921 62.974 22.2896
0.727153 63.087 21.9488
0.732422 63.197 21.5846
0.737729 63.305 21.1935
0.743075 63.411 20.7779
0.748460 63.515 20.3433
0.753883 63.618 19.8955
0.759346 63.720 19.4395
0.764849 63.822 18.9785
0.770391 63.923 18.5150
0.775974 64.024 18.0503
0.781597 64.126 17.5853
0.787261 64.227 17.1205
0.792966 64.328 16.6562
0.798712 64.429 16.1928
0.804500 64.530 15.7302
0.810329 64.631 15.2687
0.816201 64.732 14.8083
0.822116 64.833 14.3492
0.828073 64.934 13.8913
0.834074 65.035 13.4347
0.840118 65.136 12.9795
0.846206 65.237 12.5257
0.852338 65.338 12.0733
0.858514 65.439 11.6223
0.864735 65.540 11.1726
0.871001 65.641 10.7244
0.877313 65.742 10.2775
0.883670 65.843 9.8319
0.890074 65.944 9.3876
0.896524 66.045 8.9445
0.903020 66.146 8.5026
0.909564 66.247 8.0618
0.916155 66.348 7.6220
0.922794 66.449 7.1831
0.929481 66.551 6.7450
0.936216 66.652 6.3077
0.943000 66.753 5.8709
0.949834 66.855 5.4347
0.956717 66.956 4.9988
0.963649 67.058 4.5631
0.970632 67.160 4.1276
0.977666 67.262 3.6919
0.984750 67.364 3.2561
0.991886 67.466 2.8198
0.999074 67.569 2.3830
1.006314 67.671 1.9455
1.013606 67.774 1.5070
1.020951 67.877 1.0674
1.028349 67.980 0.6265
1.035801 68.084 0.1840
1.043307 68.188 -0.2602
1.050867 68.292 -0.7065
1.058482 68.396 -1.1549
1.066152 68.501 -1.6059
1.073878 68.606 -2.0595
1.081660 68.711 -2.5161
1.089498 68.817 -2.9758
1.097393 68.922 -3.4389
1.105345 69.028 -3.9055
1.113355 69.134 -4.3756
1.121423 69.239 -4.8491
1.129549 69.345 -5.3259
1.137734 69.450 -5.8058
1.145979 69.555 -6.2887
1.154283 69.660 -6.7742
1.162647 69.765 -7.2621
1.171072 69.869 -7.7522
1.179558 69.974 -8.2443
1.188106 70.078 -8.7381
1.196715 70.181 -9.2334
1.205387 70.285 -9.7301
1.214122 70.388 -10.2278
1.222920 70.492 -10.7264
1.231782 70.595 -11.2256
1.240708 70.697 -11.7254
1.249699 70.800 -12.2255
1.258754 70.903 -12.7258
1.267876 71.005 -13.2261
1.277063 71.107 -13.7262
1.286318 71.209 -14.2259
1.295639 71.311 -14.7253
1.305027 71.413 -15.2241
1.314484 71.515 -15.7221
1.324009 71.617 -16.2194
1.333604 71.719 -16.7157
1.343268 71.821 -17.2111
1.353002 71.922 -17.7053
1.362806 72.024 -18.1984
1.372681 72.126 -18.6902
1.382628 72.228 -19.1808
1.392647 72.330 -19.6700
1.402739 72.432 -20.1578
1.412904 72.534 -20.6443
1.423142 72.636 -21.1295
1.433455 72.739 -21.6134
1.443843 72.841 -22.0962
1.454305 72.944 -22.5782
1.464844 73.047 -23.0596
1.475459 73.149 -23.5407
1.486150 73.252 -24.0220
1.496920 73.354 -24.5036
1.507767 73.456 -24.9857
1.518693 73.557 -25.4683
1.529698 73.658 -25.9516
1.540783 73.759 -26.4355
1.551948 73.860 -26.9199
1.563194 73.960 -27.4049
1.574521 74.059 -27.8904
1.585931 74.159 -28.3765
1.597423 74.258 -28.8631
1.608999 74.357 -29.3501
1.620658 74.455 -29.8377
1.632402 74.554 -30.3258
1.644232 74.652 -30.8144
1.656146 74.750 -31.3036
1.668147 74.847 -31.7934
1.680235 74.944 -32.2838
1.692411 75.042 -32.7750
1.704675 75.139 -33.2669
1.717028 75.235 -33.7596
1.729470 75.332 -34.2533
1.742003 75.429 -34.7480
1.754626 75.525 -35.2438
1.767341 75.622 -35.7409
1.780147 75.718 -36.2395
1.793047 75.815 -36.7397
1.806040 75.911 -37.2419
1.819128 76.007 -37.7463
1.832310 76.103 -38.2535
1.845587 76.199 -38.7637
1.858961 76.295 -39.2771
1.872432 76.390 -39.7940
1.886001 76.484 -40.3144
1.899667 76.578 -40.8379
1.913433 76.672 -41.3644
1.927299 76.766 -41.8937
1.941265 76.858 -42.4253
1.955332 76.951 -42.9590
1.969501 77.043 -43.4945
1.983773 77.135 -44.0315
1.998148 77.226 -44.5696
2.012627 77.317 -45.1086
2.027212 77.407 -45.6481
2.041902 77.497 -46.1880
2.056698 77.587 -46.7280
2.071602 77.677 -47.2679
2.086614 77.766 -47.8074
2.101734 77.855 -48.3465
2.116964 77.944 -48.8849
2.132304 78.032 -49.4227
2.147756 78.121 -49.9598
2.163320 78.209 -50.4965
2.178996 78.297 -51.0331
2.194786 78.384 -51.5703
2.210690 78.472 -52.1085
2.226710 78.559 -52.6485
2.242845 78.645 -53.1908
2.259098 78.731 -53.7354
2.275468 78.816 -54.2825
2.291957 78.901 -54.8319
2.308566 78.985 -55.3833
2.325295 79.069 -55.9364
2.342145 79.152 -56.4910
2.359117 79.235 -57.0465
2.376212 79.317 -57.6028
2.393431 79.399 -58.1593
2.410775 79.480 -58.7158
2.428244 79.561 -59.2720
2.445840 79.641 -59.8276
2.463564 79.722 -60.3822
2.481416 79.801 -60.9357
2.499397 79.881 -61.4880
2.517509 79.960 -62.0391
2.535752 80.039 -62.5892
2.554127 80.117 -63.1389
2.572635 80.195 -63.6886
2.591277 80.273 -64.2390
2.610055 80.350 -64.7908
2.628968 80.426 -65.3443
2.648019 80.502 -65.8995
2.667208 80.577 -66.4564
2.686535 80.652 -67.0147
2.706003 80.726 -67.5742
2.725612 80.799 -68.1344
2.745363 80.872 -68.6951
2.765257 80.944 -69.2557
2.785295 81.016 -69.8160
2.805478 81.087 -70.3756
2.825808 81.158 -70.9340
2.846285 81.229 -71.4912
2.866910 81.299 -72.0469
2.887685 81.368 -72.6012
2.908611 81.438 -73.1542
2.929688 81.506 -73.7066
2.950917 81.575 -74.2588
2.972301 81.642 -74.8115
2.993839 81.709 -75.3652
3.015534 81.776 -75.9199
3.037386 81.842 -76.4756
3.059396 81.907 -77.0322
3.081565 81.971 -77.5892
3.103896 82.035 -78.1462
3.126388 82.099 -78.7029
3.149043 82.162 -79.2586
3.171862 82.224 -79.8130
3.194847 82.286 -80.3657
3.217998 82.347 -80.9163
3.241317 82.408 -81.4647
3.264805 82.469 -82.0108
3.288463 82.529 -82.5550
3.312293 82.589 -83.0975
3.336295 82.648 -83.6391
3.360471 82.706 -84.1800
3.384822 82.764 -84.7206
3.409350 82.821 -85.2610
3.434056 82.878 -85.8009
3.458940 82.934 -86.3402
3.484005 82.990 -86.8786
3.509252 83.045 -87.4157
3.534681 83.099 -87.9513
3.560295 83.153 -88.4848
3.586094 83.207 -89.0162
3.612081 83.260 -89.5453
3.638255 83.313 -90.0720
3.664620 83.366 -90.5967
3.691175 83.418 -91.1196
3.717923 83.469 -91.6411
3.744864 83.520 -92.1615
3.772001 83.570 -92.6808
3.799335 83.620 -93.1990
3.826866 83.670 -93.7159
3.854597 83.719 -94.2312
3.882529 83.767 -94.7448
3.910664 83.815 -95.2563
3.939002 83.863 -95.7654
3.967546 83.910 -96.2719
3.996296 83.957 -96.7758
4.025255 84.004 -97.2771
4.054423 84.050 -97.7759
4.083804 84.096 -98.2726
4.113396 84.142 -98.7673
4.143204 84.187 -99.2601
4.173227 84.231 -99.7512
4.203468 84.276 -100.2403
4.233928 84.319 -100.7276
4.264609 84.363 -101.2128
4.295512 84.406 -101.6958
4.326639 84.449 -102.1765
4.357992 84.492 -102.6550
4.389572 84.535 -103.1311
4.421380 84.577 -103.6050
4.453419 84.619 -104.0768
4.485691 84.661 -104.5466
4.518196 84.702 -105.0146
4.550936 84.743 -105.4807
4.583914 84.784 -105.9450
4.617131 84.825 -106.4075
4.650589 84.865 -106.8681
4.684289 84.905 -107.3268
4.718233 84.945 -107.7836
4.752424 84.985 -108.2386
4.786862 85.025 -108.6917
4.821549 85.064 -109.1431
4.856488 85.103 -109.5928
4.891680 85.142 -110.0409
4.927127 85.181 -110.4876
4.962831 85.219 -110.9327
4.998794 85.258 -111.3765
5.035017 85.296 -111.8189
5.071503 85.334 -112.2599
5.108253 85.371 -112.6998
5.145270 85.409 -113.1384
5.182555 85.446 -113.5759
5.220110 85.483 -114.0123
5.257937 85.520 -114.4476
5.296038 85.557 -114.8819
5.334415 85.594 -115.3153
5.373071 85.630 -115.7478
5.412006 85.666 -116.1794
5.451224 85.702 -116.6101
5.490725 85.737 -117.0401
5.530514 85.773 -117.4694
5.570590 85.808 -117.8980
5.610957 85.843 -118.3259
5.651616 85.877 -118.7532
5.692570 85.911 -119.1798
5.733821 85.945 -119.6057
5.775370 85.979 -120.0308
5.817221 86.012 -120.4552
5.859375 86.045 -120.8788
5.901834 86.078 -121.3017
5.944602 86.110 -121.7240
5.987679 86.142 -122.1456
6.031068 86.173 -122.5664
6.074771 86.204 -122.9863
6.118792 86.235 -123.4053
6.163131 86.265 -123.8231
6.207792 86.295 -124.2399
6.252776 86.325 -124.6554
6.298086 86.354 -125.0699
6.343725 86.382 -125.4832
6.389694 86.410 -125.8951
6.435996 86.438 -126.3057
6.482634 86.465 -126.7146
6.529610 86.492 -127.1218
6.576926 86.519 -127.5271
6.624585 86.545 -127.9304
6.672590 86.570 -128.3317
6.720942 86.595 -128.7311
6.769645 86.620 -129.1283
6.818700 86.644 -129.5232
6.868111 86.668 -129.9158
6.917881 86.692 -130.3058
6.968010 86.715 -130.6931
7.018504 86.738 -131.0777
7.069362 86.760 -131.4597
7.120590 86.782 -131.8388
7.172189 86.804 -132.2152
7.224161 86.826 -132.5887
7.276511 86.847 -132.9594
7.329239 86.868 -133.3270
7.382350 86.889 -133.6916
7.435845 86.910 -134.0533
7.489729 86.931 -134.4121
7.544002 86.951 -134.7681
7.598669 86.971 -135.1213
7.653732 86.992 -135.4719
7.709194 87.012 -135.8200
7.765058 87.032 -136.1655
7.821327 87.053 -136.5085
7.878004 87.073 -136.8494
7.935091 87.093 -137.1883
7.992592 87.114 -137.5254
8.050510 87.134 -137.8609
8.108847 87.155 -138.1949
8.167607 87.176 -138.5277
8.226793 87.196 -138.8595
8.286408 87.217 -139.1904
8.346454 87.238 -139.5209
8.406936 87.259 -139.8511
8.467856 87.281 -140.1813
8.529218 87.302 -140.5116
8.591024 87.323 -140.8423
8.653278 87.345 -141.1736
8.715983 87.366 -141.5057
8.779143 87.387 -141.8388
8.842760 87.408 -142.1731
8.906839 87.430 -142.5087
8.971381 87.451 -142.8457
9.036392 87.471 -143.1841
9.101873 87.492 -143.5240
9.167829 87.512 -143.8655
9.234263 87.532 -144.2085
9.301178 87.552 -144.5529
9.368578 87.571 -144.8987
9.436467 87.590 -145.2455
9.504847 87.609 -145.5934
9.573723 87.627 -145.9420
9.643099 87.644 -146.2912
9.712976 87.661 -146.6406
9.783361 87.677 -146.9898
9.854255 87.692 -147.3386
9.925663 87.707 -147.6865
9.997588 87.722 -148.0332
10.070035 87.735 -148.3783
10.143007 87.749 -148.7215
10.216507 87.761 -149.0624
10.290540 87.774 -149.4005
10.365109 87.785 -149.7356
10.440219 87.797 -150.0675
10.515873 87.808 -150.3960
10.592076 87.819 -150.7210
10.668830 87.830 -151.0423
10.746141 87.840 -151.3599
10.824012 87.851 -151.6740
10.902447 87.862 -151.9849
10.981451 87.873 -152.2927
11.061027 87.884 -152.5979
11.141180 87.896 -152.9009
11.221913 87.908 -153.2023
11.303232 87.921 -153.5026
11.385140 87.934 -153.8026
11.467641 87.947 -154.1028
11.550741 87.961 -154.4040
11.634442 87.975 -154.7068
11.718750 87.990 -155.0119
11.803669 88.004 -155.3198
11.889203 88.020 -155.6310
11.975357 88.035 -155.9457
12.062136 88.050 -156.2643
12.149543 88.064 -156.5868
12.237583 88.079 -156.9132
12.326262 88.093 -157.2431
12.415583 88.107 -157.5763
12.505552 88.119 -157.9120
12.596172 88.132 -158.2498
12.687449 88.143 -158.5887
12.779387 88.153 -158.9278
12.871992 88.163 -159.2663
12.965268 88.172 -159.6031
13.059220 88.180 -159.9375
13.153852 88.187 -160.2684
13.249170 88.194 -160.5951
13.345179 88.200 -160.9171
13.441884 88.206 -161.2339
13.539289 88.211 -161.5452
13.637401 88.217 -161.8512
13.736223 88.223 -162.1519
13.835761 88.229 -162.4479
13.936021 88.235 -162.7397
14.037007 88.243 -163.0282
14.138725 88.251 -163.3144
14.241180 88.259 -163.5992
14.344377 88.268 -163.8838
14.448323 88.278 -164.1691
14.553021 88.288 -164.4561
14.658478 88.299 -164.7456
14.764700 88.310 -165.0383
14.871691 88.322 -165.3345
14.979457 88.333 -165.6344
15.088005 88.344 -165.9380
15.197339 88.355 -166.2451
15.307465 88.366 -166.5551
15.418389 88.376 -166.8676
15.530117 88.386 -167.1819
15.642655 88.394 -167.4971
15.756008 88.403 -167.8126
15.870182 88.411 -168.1277
15.985184 88.418 -168.4420
16.101019 88.425 -168.7549
16.217694 88.431 -169.0663
16.335214 88.437 -169.3760
16.453586 88.443 -169.6842
16.572815 88.449 -169.9910
16.692909 88.454 -170.2967
16.813872 88.459 -170.6016
16.935713 88.465 -170.9060
17.058436 88.470 -171.2102
17.182048 88.474 -171.5142
17.306556 88.479 -171.8180
17.431967 88.483 -172.1216
17.558286 88.486 -172.4246
17.685521 88.490 -172.7268
17.813677 88.493 -173.0276
17.942762 88.495 -173.3268
18.072783 88.497 -173.6238
18.203746 88.499 -173.9184
18.335658 88.500 -174.2104
18.468526 88.502 -174.4999
18.602356 88.503 -174.7871
18.737156 88.505 -175.0722
18.872934 88.507 -175.3558
19.009695 88.509 -175.6385
19.147447 88.511 -175.9209
19.286197 88.513 -176.2035
19.425953 88.515 -176.4870
19.566721 88.518 -176.7717
19.708510 88.520 -177.0580
19.851326 88.523 -177.3460
19.995177 88.525 -177.6357
20.140070 88.527 -177.9270
20.286013 88.529 -178.2198
20.433014 88.531 -178.5138
20.581080 88.532 -178.8089
20.730219 88.533 -179.1049
20.880439 88.534 -179.4017
21.031747 88.535 -179.6991
21.184152 88.535 -179.9971
21.337661 88.536 179.7045
21.492282 88.536 179.4058
21.648024 88.535 179.1070
21.804895 88.535 178.8083
21.962902 88.534 178.5103
22.122054 88.533 178.2131
22.282360 88.532 177.9170
22.443827 88.531 177.6223
22.606464 88.530 177.3287
22.770280 88.529 177.0363
22.935283 88.528 176.7443
23.101481 88.528 176.4521
23.268884 88.528 176.1587
23.437500 88.528 175.8630
23.607338 88.529 175.5639
23.778406 88.530 175.2606
23.950714 88.531 174.9523
24.124271 88.532 174.6390
24.299086 88.532 174.3207
24.475167 88.532 173.9983
24.652524 88.531 173.6727
24.831166 88.528 173.3456
25.011103 88.525 173.0185
25.192344 88.521 172.6932
25.374898 88.515 172.3712
25.558775 88.509 172.0539
25.743984 88.503 171.7419
25.930536 88.496 171.4356
26.118439 88.490 171.1348
26.307704 88.484 170.8387
26.498341 88.478 170.5461
26.690359 88.473 170.2556
26.883768 88.468 169.9657
27.078579 88.464 169.6750
27.274801 88.461 169.3824
27.472446 88.457 169.0869
27.671522 88.454 168.7880
27.872042 88.451 168.4858
28.074014 88.447 168.1803
28.277450 88.443 167.8723
28.482360 88.438 167.5622
28.688755 88.433 167.2509
28.896645 88.428 166.9392
29.106042 88.422 166.6277
29.316957 88.415 166.3172
29.529400 88.408 166.0080
29.743382 88.400 165.7007
29.958915 88.392 165.3955
30.176009 88.384 165.0925
30.394677 88.376 164.7915
30.614929 88.368 164.4921
30.836778 88.360 164.1937
31.060234 88.352 163.8955
31.285309 88.345 163.5969
31.512015 88.337 163.2971
31.740364 88.329 162.9958
31.970368 88.321 162.6931
32.202039 88.313 162.3890
32.435388 88.304 162.0842
32.670428 88.295 161.7791
32.907171 88.286 161.4741
33.145630 88.276 161.1693
33.385817 88.267 160.8644
33.627745 88.257 160.5593
33.871425 88.247 160.2536
34.116871 88.237 159.9471
34.364096 88.226 159.6400
34.613113 88.216 159.3329
34.863934 88.205 159.0262
35.116572 88.194 158.7205
35.371041 88.182 158.4154
35.627354 88.171 158.1105
35.885525 88.161 157.8045
36.145566 88.150 157.4963
36.407492 88.139 157.1849
36.671316 88.128 156.8702
36.937051 88.117 156.5528
37.204712 88.105 156.2343
37.474313 88.092 155.9163
37.745867 88.078 155.6006
38.019389 88.065 155.2880
38.294893 88.051 154.9785
38.572394 88.038 154.6712
38.851905 88.025 154.3646
39.133442 88.012 154.0573
39.417019 87.999 153.7485
39.702651 87.986 153.4380
39.990353 87.973 153.1262
40.280140 87.959 152.8137
40.572026 87.946 152.5010
40.866028 87.932 152.1885
41.162160 87.918 151.8759
41.460438 87.904 151.5630
41.760877 87.890 151.2492
42.063494 87.876 150.9345
42.368303 87.861 150.6188
42.675322 87.846 150.3021
42.984565 87.831 149.9844
43.296048 87.816 149.6657
43.609789 87.800 149.3461
43.925804 87.784 149.0260
44.244108 87.767 148.7063
44.564719 87.749 148.3883
44.887654 87.731 148.0734
45.212928 87.713 147.7627
45.540560 87.694 147.4564
45.870565 87.676 147.1539
46.202962 87.659 146.8535
46.537768 87.642 146.5529
46.875000 87.626 146.2502
47.214676 87.609 145.9440
47.556813 87.593 145.6346
47.901429 87.575 145.3239
48.248542 87.557 145.0150
48.598171 87.539 144.7111
48.950334 87.520 144.4139
49.305048 87.502 144.1228
49.662333 87.485 143.8346
50.022206 87.470 143.5446
50.384688 87.456 143.2477
50.749796 87.443 142.9402
51.117550 87.429 142.6204
51.487969 87.415 142.2881
51.861072 87.400 141.9453
52.236879 87.382 141.5952
52.615409 87.362 141.2438
52.996681 87.339 140.8986
53.380717 87.314 140.5672
53.767536 87.289 140.2545
54.157158 87.265 139.9595
54.549603 87.243 139.6749
54.944892 87.223 139.3897
55.343045 87.206 139.0938
55.744084 87.189 138.7826
56.148028 87.171 138.4577
56.554900 87.151 138.1255
56.964720 87.129 137.7931
57.377510 87.106 137.4654
57.793291 87.083 137.1438
58.212085 87.059 136.8273
58.633914 87.036 136.5131
59.058799 87.014 136.1977
59.486764 86.993 135.8769
59.917829 86.973 135.5470
60.352019 86.953 135.2067
60.789354 86.933 134.8578
61.229859 86.911 134.5049
61.673556 86.889 134.1523
62.120468 86.867 133.8025
62.570618 86.846 133.4559
63.024031 86.824 133.1129
63.480729 86.803 132.7752
63.940736 86.782 132.4448
64.404077 86.761 132.1218
64.870776 86.741 131.8041
65.340856 86.722 131.4886
65.814343 86.703 131.1740
66.291261 86.682 130.8618
66.771635 86.661 130.5547
67.255489 86.638 130.2553
67.742850 86.616 129.9634
68.233743 86.593 129.6752
68.728193 86.572 129.3820
69.226226 86.552 129.0732
69.727867 86.531 128.7409
70.233144 86.508 128.3856
70.742083 86.481 128.0159
71.254709 86.451 127.6430
71.771050 86.419 127.2749
72.291132 86.386 126.9142
72.814984 86.353 126.5612
73.342631 86.321 126.2164
73.874102 86.290 125.8799
74.409424 86.260 125.5505
74.948626 86.232 125.2256
75.491734 86.206 124.9019
76.038779 86.182 124.5767
76.589787 86.158 124.2480
77.144788 86.136 123.9143
77.703811 86.113 123.5753
78.266885 86.090 123.2325
78.834039 86.066 122.8877
79.405303 86.041 122.5421
79.980706 86.017 122.1957
80.560280 85.992 121.8488
81.144053 85.967 121.5020
81.732056 85.942 121.1562
82.324320 85.918 120.8103
82.920876 85.895 120.4611
83.521755 85.872 120.1056
84.126988 85.850 119.7438
84.736607 85.826 119.3796
85.350643 85.801 119.0184
85.969129 85.775 118.6660
86.592097 85.749 118.3273
87.219579 85.722 118.0035
87.851608 85.696 117.6898
88.488217 85.672 117.3775
89.129439 85.649 117.0595
89.775308 85.626 116.7326
90.425856 85.602 116.3956
91.081119 85.576 116.0488
91.741131 85.549 115.6977
92.405925 85.519 115.3514
93.075536 85.489 115.0152
93.750000 85.459 114.6856
94.429351 85.431 114.3529
95.113625 85.403 114.0100
95.802858 85.373 113.6602
96.497085 85.342 113.3153
97.196342 85.312 112.9808
97.900667 85.284 112.6427
98.610096 85.256 112.2838
99.324665 85.226 111.9101
100.044413 85.193 111.5491
100.769376 85.160 111.2173
101.499592 85.132 110.8992
102.235100 85.108 110.5638
102.975938 85.084 110.2002
103.722144 85.056 109.8322
104.473757 85.026 109.4920
105.230817 84.997 109.1812
105.993363 84.973 108.8660
106.761435 84.949 108.5140
107.535072 84.922 108.1290
108.314315 84.888 107.7476
109.099206 84.852 107.4027
109.889783 84.819 107.0913
110.686090 84.793 106.7764
111.488167 84.771 106.4249
112.296056 84.747 106.0399
113.109800 84.716 105.6552
113.929440 84.680 105.3074
114.755020 84.642 105.0123
115.586582 84.605 104.7564
116.424170 84.570 104.5082
117.267827 84.534 104.2448
118.117598 84.497 103.9682
118.973527 84.461 103.6904
119.835658 84.428 103.4055
120.704037 84.404 103.0862
121.578708 84.385 102.7089
122.459718 84.369 102.2719
123.347111 84.350 101.7990
124.240935 84.328 101.3295
125.141236 84.302 100.8970
126.048061 84.275 100.5110
126.961458 84.250 100.1571
127.881473 84.225 99.8130
128.808154 84.199 99.4640
129.741551 84.171 99.1101
130.681712 84.140 98.7586
131.628686 84.109 98.4110
132.582521 84.077 98.0621
133.543269 84.046 97.7083
134.510979 84.015 97.3538
135.485701 83.984 97.0077
136.467486 83.953 96.6748
137.456386 83.926 96.3519
138.452451 83.902 96.0291
139.455735 83.883 95.6930
140.466288 83.865 95.3306
141.484165 83.847 94.9370
142.509418 83.825 94.5204
143.542100 83.797 94.1005
144.582265 83.764 93.6989
145.629968 83.726 93.3292
146.685262 83.689 92.9921
147.748204 83.654 92.6763
148.818849 83.623 92.3651
149.897251 83.596 92.0449
150.983469 83.572 91.7116
152.077557 83.549 91.3672
153.179574 83.526 91.0131
154.289576 83.503 90.6475
155.407622 83.479 90.2703
156.533770 83.453 89.8875
157.668078 83.424 89.5089
158.810606 83.395 89.1419
159.961413 83.366 88.7898
161.120559 83.336 88.4540
162.288105 83.307 88.1352
163.464112 83.276 87.8324
164.648640 83.245 87.5416
165.841752 83.212 87.2561
167.043510 83.178 86.9705
168.253976 83.142 86.6830
169.473213 83.105 86.3926
170.701286 83.068 86.0944
171.938258 83.030 85.7797
173.184194 82.993 85.4406
174.439158 82.958 85.0744
175.703216 82.925 84.6891
176.976434 82.897 84.3020
178.258878 82.873 83.9333
179.550615 82.851 83.5981
180.851713 82.828 83.2992
182.162239 82.798 83.0255
183.482262 82.758 82.7553
184.811850 82.709 82.4610
186.151073 82.658 82.1185
187.500000 82.611 81.7202
188.858702 82.576 81.2822
190.227250 82.553 80.8423
191.605715 82.539 80.4518
192.994169 82.527 80.1563
194.392685 82.514 79.9646
195.801334 82.499 79.8387
197.220191 82.482 79.7200
198.649330 82.465 79.5659
200.088825 82.447 79.3647
201.538751 82.428 79.1269
202.999184 82.405 78.8674
204.470200 82.381 78.5965
205.951875 82.355 78.3209
207.444287 82.332 78.0482
208.947514 82.311 77.7876
210.461634 82.293 77.5418
211.986726 82.275 77.2945
213.522869 82.262 77.0139
215.070144 82.259 76.6808
216.628631 82.274 76.3267
218.198411 82.306 76.0424
219.779567 82.349 75.9276
221.372180 82.390 76.0114
222.976334 82.414 76.2190
224.592112 82.406 76.4265
226.219600 82.366 76.5490
227.858880 82.304 76.5689
229.510039 82.239 76.4910
231.173164 82.187 76.2963
232.848340 82.150 75.9581
234.535655 82.126 75.4788
236.235197 82.111 74.8914
237.947054 82.101 74.2407
239.671317 82.095 73.5676
241.408074 82.090 72.9058
243.157416 82.086 72.2901
244.919435 82.083 71.7602
246.694223 82.085 71.3445
248.481871 82.092 71.0361
250.282473 82.099 70.7842
252.096123 82.099 70.5212
253.922915 82.086 70.2013
255.762945 82.063 69.8164
257.616309 82.037 69.3878
259.483103 82.014 68.9443
261.363424 81.996 68.5040
263.257372 81.983 68.0727
265.165043 81.972 67.6544
267.086538 81.962 67.2547
269.021957 81.949 66.8738
270.971401 81.933 66.5048
272.934972 81.913 66.1404
274.912771 81.890 65.7803
276.904902 81.866 65.4313
278.911469 81.842 65.1020
280.932577 81.820 64.7942
282.968330 81.799 64.5020
285.018835 81.776 64.2166
287.084199 81.754 63.9320
289.164530 81.731 63.6461
291.259935 81.708 63.3586
293.370525 81.685 63.0689
295.496408 81.664 62.7776
297.637697 81.643 62.4859
299.794503 81.622 62.1956
301.966937 81.602 61.9078
304.155114 81.582 61.6238
306.359147 81.563 61.3459
308.579152 81.545 61.0782
310.815244 81.526 60.8230
313.067539 81.508 60.5783
315.336156 81.489 60.3380
317.621211 81.470 60.0963
319.922826 81.452 59.8510
322.241118 81.434 59.6040
324.576210 81.416 59.3576
326.928223 81.400 59.1130
329.297280 81.383 58.8699
331.683504 81.367 58.6276
334.087019 81.350 58.3858
336.507952 81.334 58.1454
338.946427 81.318 57.9077
341.402572 81.302 57.6718
343.876516 81.286 57.4360
346.368387 81.271 57.1996
348.878315 81.255 56.9640
351.406431 81.240 56.7307
353.952867 81.224 56.5000
356.517756 81.207 56.2718
359.101230 81.190 56.0460
361.703426 81.173 55.8217
364.324478 81.155 55.5982
366.964523 81.139 55.3755
369.623699 81.123 55.1545
372.302145 81.107 54.9366
375.000000 81.092 54.7230
377.717405 81.076 54.5148
380.454501 81.061 54.3122
383.211431 81.046 54.1140
385.988339 81.031 53.9182
388.785369 81.015 53.7242
391.602668 81.000 53.5331
394.440383 80.984 53.3469
397.298660 80.969 53.1671
400.177650 80.954 52.9939
403.077502 80.939 52.8268
405.998368 80.925 52.6659
408.940400 80.912 52.5106
411.903750 80.899 52.3598
414.888575 80.887 52.2135
417.895028 80.874 52.0725
420.923268 80.862 51.9378
423.973452 80.851 51.8090
427.045738 80.841 51.6846
430.140287 80.834 51.5610
433.257261 80.828 51.4342
436.396822 80.824 51.3013
439.559133 80.820 51.1612
442.744360 80.817 51.0139
445.952668 80.814 50.8596
449.184225 80.811 50.6999
452.439199 80.807 50.5369
455.717760 80.802 50.3719
459.020079 80.797 50.2053
462.346327 80.790 50.0373
465.696680 80.783 49.8694
469.071310 80.775 49.7038
472.470394 80.767 49.5415
475.894109 80.759 49.3822
479.342634 80.750 49.2252
482.816148 80.742 49.0706
486.314833 80.733 48.9195
489.838871 80.723 48.7735
493.388445 80.713 48.6339
496.963741 80.703 48.5006
500.564945 80.693 48.3731
504.192245 80.683 48.2509
507.845830 80.672 48.1333
511.525890 80.662 48.0203
515.232618 80.652 47.9119
518.966206 80.643 47.8078
522.726849 80.634 47.7081
526.514743 80.625 47.6128
530.330086 80.617 47.5214
534.173076 80.609 47.4334
538.043915 80.601 47.3486
541.942803 80.594 47.2669
545.869944 80.586 47.1885
549.825542 80.579 47.1133
553.809805 80.572 47.0412
557.822939 80.565 46.9720
561.865154 80.558 46.9056
565.936660 80.552 46.8418
570.037671 80.546 46.7805
574.168399 80.540 46.7224
578.329060 80.534 46.6677
582.519870 80.529 46.6165
586.741049 80.524 46.5687
590.992817 80.520 46.5240
595.275394 80.515 46.4825
599.589005 80.510 46.4436
603.933874 80.506 46.4074
608.310228 80.502 46.3737
612.718295 80.498 46.3430
617.158304 80.494 46.3155
621.630488 80.491 46.2916
626.135079 80.488 46.2711
630.672311 80.485 46.2537
635.242423 80.482 46.2395
639.845651 80.479 46.2285
644.482237 80.477 46.2207
649.152421 80.474 46.2156
653.856447 80.472 46.2133
658.594560 80.470 46.2139
663.367008 80.468 46.2177
668.174039 80.466 46.2249
673.015903 80.465 46.2358
677.892854 80.463 46.2507
682.805145 80.461 46.2696
687.753032 80.459 46.2928
692.736774 80.457 46.3205
697.756631 80.455 46.3528
702.812863 80.454 46.3906
707.905735 80.452 46.4347
713.035511 80.450 46.4862
718.202461 80.448 46.5458
723.406852 80.447 46.6145
728.648956 80.445 46.6927
733.929047 80.445 46.7808
739.247399 80.444 46.8786
744.604290 80.445 46.9862
750.000000 80.446 47.1036
755.434809 80.449 47.2310
760.909001 80.453 47.3679
766.422861 80.458 47.5138
771.976677 80.465 47.6676
777.570739 80.473 47.8283
783.205337 80.482 47.9947
788.880766 80.494 48.1657
794.597321 80.507 48.3404
800.355301 80.522 48.5182
806.155005 80.539 48.6981
811.996736 80.557 48.8797
817.880799 80.578 49.0623
823.807501 80.600 49.2454
829.777150 80.623 49.4286
835.790057 80.648 49.6115
841.846536 80.674 49.7937
847.946903 80.701 49.9754
854.091476 80.730 50.1564
860.280575 80.761 50.3367
866.514523 80.793 50.5161
872.793644 80.826 50.6942
879.118267 80.860 50.8708
885.488720 80.896 51.0453
891.905336 80.933 51.2172
898.368450 80.972 51.3860
904.878398 81.012 51.5515
911.435520 81.053 51.7136
918.040157 81.096 51.8720
924.692655 81.140 52.0267
931.393359 81.185 52.1772
938.142619 81.232 52.3235
944.940787 81.279 52.4651
951.788218 81.328 52.6018
958.685268 81.379 52.7330
965.632296 81.430 52.8582
972.629666 81.483 52.9770
979.677741 81.536 53.0890
986.776890 81.591 53.1938
993.927482 81.647 53.2913
1001.129891 81.704 53.3808
1008.384491 81.762 53.4622
1015.691660 81.821 53.5352
1023.051781 81.881 53.5996
1030.465236 81.941 53.6553
1037.932411 82.002 53.7021
1045.453698 82.064 53.7401
1053.029486 82.126 53.7689
1060.660172 82.189 53.7886
1068.346153 82.253 53.7989
1076.087829 82.316 53.7994
1083.885605 82.380 53.7899
1091.739887 82.444 53.7700
1099.651084 82.507 53.7401
1107.619609 82.571 53.7003
1115.645878 82.634 53.6513
1123.730308 82.698 53.5934
1131.873321 82.761 53.5270
1140.075341 82.823 53.4524
1148.336797 82.886 53.3699
1156.658119 82.948 53.2798
1165.039741 83.009 53.1821
1173.482099 83.070 53.0773
1181.985634 83.131 52.9655
1190.550789 83.191 52.8470
1199.178011 83.250 52.7223
1207.867749 83.308 52.5916
1216.620457 83.366 52.4554
1225.436590 83.423 52.3142
1234.316609 83.479 52.1684
1243.260976 83.535 52.0185
1252.270157 83.590 51.8650
1261.344623 83.644 51.7081
1270.484846 83.698 51.5482
1279.691303 83.750 51.3854
1288.964474 83.803 51.2203
1298.304842 83.854 51.0534
1307.712894 83.905 50.8848
1317.189120 83.955 50.7149
1326.734016 84.005 50.5439
1336.348077 84.054 50.3718
1346.031806 84.103 50.1989
1355.785708 84.151 50.0254
1365.610290 84.199 49.8518
1375.506065 84.246 49.6781
1385.473549 84.293 49.5044
1395.513261 84.339 49.3305
1405.625726 84.386 49.1562
1415.811469 84.432 48.9817
1426.071023 84.478 48.8070
1436.404921 84.523 48.6324
1446.813703 84.569 48.4579
1457.297912 84.614 48.2836
1467.858093 84.659 48.1094
1478.494798 84.705 47.9354
1489.208581 84.750 47.7614
1500.000000 84.795 47.5873
1510.869618 84.840 47.4128
1521.818002 84.886 47.2379
1532.845723 84.931 47.0621
1543.953355 84.977 46.8853
1555.141477 85.022 46.7073
1566.410674 85.068 46.5281
1577.761531 85.114 46.3478
1589.194642 85.161 46.1661
1600.710601 85.207 45.9828
1612.310010 85.254 45.7975
1623.993473 85.301 45.6101
1635.761599 85.348 45.4201
1647.615002 85.396 45.2273
1659.554299 85.443 45.0315
1671.580114 85.491 44.8325
1683.693072 85.540 44.6302
1695.893807 85.589 44.4243
1708.182952 85.638 44.2145
1720.561150 85.687 44.0007
1733.029045 85.736 43.7825
1745.587288 85.786 43.5596
1758.236533 85.836 43.3318
1770.977440 85.886 43.0987
1783.810673 85.937 42.8601
1796.736900 85.987 42.6157
1809.756796 86.038 42.3653
1822.871040 86.088 42.1085
1836.080315 86.139 41.8451
1849.385310 86.190 41.5749
1862.786718 86.240 41.2978
1876.285239 86.291 41.0136
1889.881575 86.342 40.7223
1903.576436 86.392 40.4237
1917.370535 86.442 40.1176
1931.264593 86.492 39.8038
1945.259332 86.542 39.4819
1959.355483 86.591 39.1518
1973.553781 86.640 38.8134
1987.854965 86.689 38.4666
2002.259781 86.737 38.1112
2016.768981 86.784 37.7473
2031.383320 86.831 37.3746
2046.103561 86.877 36.9934
2060.930471 86.922 36.6038
2075.864823 86.966 36.2055
2090.907395 87.010 35.7987
2106.058972 87.052 35.3834
2121.320344 87.094 34.9597
2136.692305 87.134 34.5280
2152.175658 87.173 34.0884
2167.771210 87.211 33.6410
2183.479774 87.247 33.1859
2199.302169 87.282 32.7232
2215.239219 87.315 32.2534
2231.291755 87.347 31.7767
2247.460615 87.377 31.2937
2263.746641 87.406 30.8048
2280.150683 87.432 30.3104
2296.673595 87.457 29.8110
2313.316238 87.480 29.3070
2330.079481 87.501 28.7987
2346.964198 87.521 28.2865
2363.971268 87.538 27.7708
2381.101578 87.553 27.2520
2398.356022 87.567 26.7308
2415.735498 87.578 26.2080
2433.240913 87.587 25.6840
2450.873180 87.594 25.1593
2468.633217 87.599 24.6346
2486.521951 87.601 24.1105
2504.540314 87.602 23.5875
2522.689246 87.600 23.0665
2540.969692 87.597 22.5478
2559.382606 87.591 22.0319
2577.928947 87.583 21.5194
2596.609683 87.573 21.0109
2615.425787 87.561 20.5067
2634.378241 87.547 20.0072
2653.468031 87.532 19.5128
2672.696154 87.514 19.0239
2692.063613 87.494 18.5412
2711.571415 87.473 18.0648
2731.220579 87.450 17.5950
2751.012130 87.426 17.1318
2770.947098 87.400 16.6753
2791.026522 87.372 16.2258
2811.251451 87.343 15.7836
2831.622938 87.312 15.3486
2852.142045 87.280 14.9209
2872.809842 87.247 14.5005
2893.627406 87.212 14.0876
2914.595823 87.176 13.6826
2935.716186 87.138 13.2854
2956.989596 87.099 12.8964
2978.417161 87.059 12.5159
3000.000000 87.017 12.1443
3021.739237 86.974 11.7821
3043.636005 86.929 11.4299
3065.691446 86.883 11.0883
3087.906710 86.836 10.7584
3110.282955 86.786 10.4413
3132.821347 86.736 10.1385
3155.523062 86.684 9.8513
3178.389283 86.631 9.5807
3201.421202 86.577 9.3279
3224.620020 86.523 9.0939
3247.986946 86.468 8.8795
3271.523198 86.413 8.6851
3295.230004 86.359 8.5101
3319.108599 86.305 8.3544
3343.160228 86.252 8.2167
3367.386145 86.201 8.0961
3391.787613 86.150 7.9911
3416.365904 86.102 7.9001
3441.122300 86.055 7.8213
3466.058091 86.010 7.7529
3491.174576 85.967 7.6931
3516.473066 85.925 7.6404
3541.954880 85.885 7.5933
3567.621345 85.847 7.5508
3593.473800 85.811 7.5117
3619.513592 85.776 7.4750
3645.742080 85.742 7.4398
3672.160630 85.710 7.4055
3698.770620 85.679 7.3718
3725.573436 85.649 7.3380
3752.570477 85.620 7.3039
3779.763150 85.592 7.2689
3807.152872 85.565 7.2328
3834.741071 85.539 7.1953
3862.529185 85.514 7.1560
3890.518664 85.489 7.1146
3918.710966 85.465 7.0707
3947.107561 85.441 7.0240
3975.709929 85.417 6.9745
4004.519563 85.394 6.9219
4033.537962 85.371 6.8661
4062.766641 85.348 6.8069
4092.207123 85.325 6.7444
4121.860942 85.303 6.6783
4151.729646 85.280 6.6086
4181.814790 85.256 6.5353
4212.117944 85.233 6.4584
4242.640687 85.209 6.3778
4273.384610 85.185 6.2938
4304.351317 85.160 6.2065
4335.542421 85.135 6.1160
4366.959549 85.110 6.0225
4398.604338 85.084 5.9259
4430.478438 85.057 5.8262
4462.583511 85.030 5.7233
4494.921231 85.002 5.6168
4527.493283 84.973 5.5068
4560.301365 84.944 5.3936
4593.347189 84.913 5.2772
4626.632476 84.882 5.1580
4660.158962 84.849 5.0361
4693.928395 84.815 4.9119
4727.942535 84.781 4.7858
4762.203156 84.745 4.6586
4796.712043 84.707 4.5311
4831.470996 84.669 4.4043
4866.481826 84.630 4.2789
4901.746360 84.589 4.1555
4937.266434 84.548 4.0347
4973.043902 84.505 3.9167
5009.080628 84.462 3.8018
5045.378492 84.419 3.6897
5081.939384 84.375 3.5800
5118.765212 84.331 3.4719
5155.857894 84.286 3.3643
5193.219366 84.242 3.2561
5230.851574 84.197 3.1463
5268.756481 84.152 3.0339
5306.936062 84.106 2.9185
5345.392309 84.060 2.7994
5384.127225 84.012 2.6770
5423.142830 83.963 2.5522
5462.441159 83.913 2.4266
5502.024259 83.860 2.3029
5541.894195 83.806 2.1844
5582.053045 83.749 2.0764
5622.502902 83.690 1.9843
5663.245876 83.629 1.9138
5704.284090 83.568 1.8689
5745.619684 83.507 1.8519
5787.254813 83.448 1.8632
5829.191647 83.392 1.9006
5871.432373 83.340 1.9587
5913.979192 83.293 2.0284
5956.834323 83.251 2.1000
6000.000000 83.215 2.1656
6043.478473 83.182 2.2213
6087.272010 83.153 2.2662
6131.382892 83.127 2.3015
6175.813420 83.104 2.3295
6220.565910 83.085 2.3519
6265.642695 83.068 2.3702
6311.046124 83.056 2.3851
6356.778566 83.049 2.3961
6402.842404 83.047 2.4012
6449.240040 83.051 2.3976
6495.973891 83.063 2.3812
6543.046396 83.083 2.3464
6590.460007 83.112 2.2861
6638.217197 83.151 2.1912
6686.320456 83.201 2.0505
6734.772290 83.262 1.8505
6783.575226 83.336 1.5745
6832.731809 83.421 1.2039
6882.244600 83.517 0.7174
6932.116181 83.623 0.0916
6982.349153 83.736 -0.6987
7032.946133 83.854 -1.6781
7083.909760 83.969 -2.8689
7135.242690 84.077 -4.2875
7186.947600 84.168 -5.9407
7239.027185 84.233 -7.8215
7291.484160 84.262 -9.9042
7344.321260 84.244 -12.1401
7397.541239 84.171 -14.4554
7451.146872 84.035 -16.7518
7505.140954 83.836 -18.9103
7559.526299 83.579 -20.8010
7614.305743 83.275 -22.2988
7669.482141 82.946 -23.3041
7725.058371 82.619 -23.7689
7781.037328 82.328 -23.7217
7837.421932 82.105 -23.2831
7894.215122 81.977 -22.6611
7951.419859 81.952 -22.1190
8009.039125 82.025 -21.9229
8067.075924 82.169 -22.2898
8125.533282 82.351 -23.3542
8184.414245 82.532 -25.1587
8243.721885 82.673 -27.6628
8303.459292 82.743 -30.7604
8363.629581 82.719 -34.2987
8424.235888 82.585 -38.0981
8485.281374 82.334 -41.9716
8546.769221 81.969 -45.7411
8608.702634 81.496 -49.2524
8671.084842 80.930 -52.3839
8733.919097 80.286 -55.0496
8797.208675 79.581 -57.1991
8860.956876 78.833 -58.8135
8925.167022 78.056 -59.8987
8989.842461 77.266 -60.4798
9054.986566 76.474 -60.5952
9120.602731 75.689 -60.2922
9186.694378 74.919 -59.6233
9253.264952 74.168 -58.6416
9320.317925 73.441 -57.3976
9387.856790 72.738 -55.9379
9455.885071 72.059 -54.3042
9524.406312 71.405 -52.5338
9593.424086 70.774 -50.6582
9662.941992 70.163 -48.7029
9732.963653 69.569 -46.6873
9803.492719 68.991 -44.6249
9874.532869 68.426 -42.5249
9946.087805 67.871 -40.3937
10018.161257 67.325 -38.2357
10090.756983 66.787 -36.0530
10163.878768 66.255 -33.8463
10237.530423 65.730 -31.6149
10311.715789 65.210 -29.3578
10386.438732 64.696 -27.0737
10461.703149 64.189 -24.7609
10537.512962 63.690 -22.4175
10613.872125 63.200 -20.0425
10690.784618 62.721 -17.6373
10768.254450 62.258 -15.2066
10846.285661 61.813 -12.7585
10924.882318 61.390 -10.3059
11004.048518 60.995 -7.8682
11083.788390 60.630 -5.4728
11164.106090 60.299 -3.1545
11245.005805 60.005 -0.9532
11326.491752 59.748 1.0907
11408.568180 59.526 2.9425
11491.239368 59.337 4.5796
11574.509626 59.175 5.9963
11658.383294 59.035 7.2059
11742.864745 58.912 8.2361
11827.958384 58.801 9.1243
11913.668646 58.699 9.9111
12000.000000 58.602 10.6383
12086.956947 58.507 11.3501
12174.544019 58.410 12.0951
12262.765784 58.309 12.9271
12351.626840 58.202 13.9028
12441.131819 58.092 15.0792
12531.285389 57.981 16.5091
12622.092249 57.873 18.2335
12713.557132 57.773 20.2779
12805.684808 57.686 22.6506
12898.480079 57.615 25.3440
12991.947783 57.561 28.3402
13086.092792 57.525 31.6205
13180.920015 57.509 35.1709
13276.434395 57.512 38.9804
13372.640911 57.537 43.0358
13469.544580 57.585 47.3156
13567.150452 57.659 51.7899
13665.463617 57.762 56.4231
13764.489200 57.896 61.1743
13864.232362 58.062 65.9933
13964.698305 58.260 70.8167
14065.892266 58.490 75.5671
14167.819519 58.750 80.1544
14270.485380 59.035 84.4774
14373.895200 59.336 88.4274
14478.054370 59.641 91.8973
14582.968320 59.931 94.7929
14688.642520 60.182 97.0557
14795.082478 60.366 98.7022
14902.293745 60.453 99.8529
15010.281908 60.422 100.7222
15119.052599 60.263 101.5815
15228.611486 59.981 102.7069
15338.964283 59.596 104.3163
15450.116741 59.137 106.5060
15562.074656 58.638 109.2125
15674.843864 58.123 112.2237
15788.430244 57.605 115.2441
15902.839718 57.077 117.9823
16018.078250 56.519 120.2203
16134.151848 55.901 121.8446
16251.066563 55.186 122.8499
16368.828491 54.339 123.3231
16487.443769 53.330 123.4059
16606.918584 52.138 123.2323
16727.259161 50.755 122.8327
16848.471777 49.185 121.9891
16970.562748 47.455 119.9727
17093.538442 45.629 115.0101
17217.405268 43.852 103.4867
17342.169684 42.402 82.1396
17467.838194 41.640 59.6423
17594.417350 41.718 47.7827
17721.913751 42.418 44.9421
17850.334044 43.402 47.0678
17979.684923 44.456 51.9371
18109.973131 45.488 58.4698
18241.205462 46.476 66.0935
18373.388756 47.426 74.4374
18506.529905 48.347 83.1953
18640.635849 49.249 92.0660
18775.713581 50.133 100.7417
18911.770141 50.993 108.9274
19048.812624 51.816 116.3716
19186.848172 52.582 122.8987
19325.883983 53.269 128.4263
19465.927305 53.857 132.9524
19606.985439 54.329 136.5242
19749.065738 54.679 139.1991
19892.175609 54.906 141.0071
20036.322514 55.017 141.9312
