* Measurement data measured by REW V5.31.3
* Source: Headset (2- CX31993 HIFI AUDIO), MICROPHONE (Master Volume), R, volume: 0.400
* Format: 256k Log Swept Sine, 1 sweep at -11.9 dBFS with no timing reference
* Dated: 07 19, 25 10:40:41 AM
* REW Settings:
*  C-weighting compensation: Off
*  Target level: 75.0 dB
* Note: ; 
* Measurement: Juzear x Z Defiant R
* Smoothing: 1/12 octave
* Frequency Step: 96 ppo
* Start Frequency: 0.36621094 Hz
*
* Freq(Hz) SPL(dB) Phase(degrees)
0.366211 31.413 173.2634
0.368865 31.411 173.2701
0.371538 31.407 173.2802
0.374230 31.402 173.2926
0.376942 31.397 173.3069
0.379673 31.391 173.3223
0.382424 31.386 173.3385
0.385196 31.380 173.3554
0.387987 31.374 173.3727
0.390798 31.368 173.3906
0.393630 31.361 173.4088
0.396483 31.355 173.4274
0.399356 31.349 173.4464
0.402250 31.342 173.4658
0.405165 31.336 173.4856
0.408101 31.330 173.5058
0.411058 31.323 173.5265
0.414037 31.317 173.5475
0.417037 31.310 173.5690
0.420059 31.303 173.5910
0.423103 31.297 173.6134
0.426169 31.290 173.6362
0.429257 31.283 173.6596
0.432368 31.276 173.6834
0.435501 31.270 173.7077
0.438656 31.263 173.7326
0.441835 31.256 173.7579
0.445037 31.249 173.7838
0.448262 31.242 173.8103
0.451510 31.234 173.8373
0.454782 31.227 173.8648
0.458077 31.220 173.8930
0.461397 31.213 173.9217
0.464740 31.205 173.9510
0.468108 31.198 173.9810
0.471500 31.191 174.0116
0.474917 31.183 174.0428
0.478358 31.175 174.0748
0.481825 31.168 174.1073
0.485316 31.160 174.1406
0.488833 31.153 174.1746
0.492375 31.145 174.2092
0.495943 31.137 174.2447
0.499537 31.129 174.2808
0.503157 31.121 174.3178
0.506803 31.113 174.3555
0.510475 31.105 174.3940
0.514175 31.097 174.4333
0.517900 31.089 174.4735
0.521653 31.081 174.5145
0.525434 31.072 174.5564
0.529241 31.064 174.5992
0.533076 31.055 174.6428
0.536939 31.047 174.6874
0.540830 31.038 174.7329
0.544749 31.030 174.7793
0.548696 31.021 174.8268
0.552673 31.012 174.8752
0.556677 31.004 174.9246
0.560711 30.995 174.9750
0.564774 30.986 175.0265
0.568867 30.977 175.0790
0.572989 30.968 175.1327
0.577141 30.959 175.1874
0.581324 30.950 175.2432
0.585536 30.940 175.3002
0.589779 30.931 175.3583
0.594053 30.922 175.4176
0.598358 30.912 175.4781
0.602694 30.903 175.5397
0.607061 30.893 175.6026
0.611460 30.884 175.6668
0.615891 30.874 175.7322
0.620354 30.864 175.7988
0.624849 30.854 175.8668
0.629377 30.844 175.9360
0.633938 30.834 176.0066
0.638532 30.824 176.0785
0.643159 30.814 176.1517
0.647819 30.804 176.2263
0.652514 30.793 176.3022
0.657242 30.783 176.3796
0.662005 30.773 176.4583
0.666802 30.762 176.5384
0.671634 30.752 176.6199
0.676501 30.741 176.7027
0.681403 30.730 176.7870
0.686341 30.719 176.8728
0.691314 30.709 176.9599
0.696324 30.698 177.0485
0.701370 30.687 177.1385
0.706452 30.676 177.2301
0.711571 30.666 177.3232
0.716728 30.657 177.4180
0.721921 30.649 177.5147
0.727153 30.642 177.6137
0.732422 30.638 177.7153
0.737729 30.637 177.8201
0.743075 30.638 177.9285
0.748460 30.642 178.0410
0.753883 30.647 178.1578
0.759346 30.653 178.2790
0.764849 30.661 178.4047
0.770391 30.670 178.5349
0.775974 30.679 178.6693
0.781597 30.689 178.8081
0.787261 30.700 178.9509
0.792966 30.712 179.0977
0.798712 30.725 179.2484
0.804500 30.738 179.4026
0.810329 30.752 179.5603
0.816201 30.766 179.7212
0.822116 30.782 179.8852
0.828073 30.798 -179.9480
0.834074 30.815 -179.7786
0.840118 30.833 -179.6068
0.846206 30.851 -179.4329
0.852338 30.870 -179.2571
0.858514 30.890 -179.0797
0.864735 30.911 -178.9010
0.871001 30.933 -178.7213
0.877313 30.955 -178.5408
0.883670 30.978 -178.3599
0.890074 31.002 -178.1790
0.896524 31.027 -177.9982
0.903020 31.053 -177.8181
0.909564 31.079 -177.6389
0.916155 31.106 -177.4609
0.922794 31.134 -177.2847
0.929481 31.162 -177.1105
0.936216 31.192 -176.9388
0.943000 31.222 -176.7700
0.949834 31.253 -176.6044
0.956717 31.285 -176.4425
0.963649 31.318 -176.2848
0.970632 31.351 -176.1317
0.977666 31.385 -175.9836
0.984750 31.420 -175.8409
0.991886 31.456 -175.7043
0.999074 31.492 -175.5741
1.006314 31.530 -175.4508
1.013606 31.568 -175.3349
1.020951 31.606 -175.2269
1.028349 31.646 -175.1273
1.035801 31.686 -175.0366
1.043307 31.727 -174.9552
1.050867 31.769 -174.8836
1.058482 31.811 -174.8221
1.066152 31.855 -174.7711
1.073878 31.899 -174.7307
1.081660 31.944 -174.7006
1.089498 31.989 -174.6803
1.097393 32.036 -174.6690
1.105345 32.085 -174.6655
1.113355 32.134 -174.6683
1.121423 32.186 -174.6765
1.129549 32.239 -174.6893
1.137734 32.293 -174.7062
1.145979 32.350 -174.7272
1.154283 32.408 -174.7522
1.162647 32.468 -174.7814
1.171072 32.530 -174.8151
1.179558 32.594 -174.8534
1.188106 32.659 -174.8967
1.196715 32.725 -174.9452
1.205387 32.793 -174.9993
1.214122 32.863 -175.0593
1.222920 32.934 -175.1254
1.231782 33.006 -175.1981
1.240708 33.079 -175.2775
1.249699 33.154 -175.3640
1.258754 33.230 -175.4580
1.267876 33.306 -175.5598
1.277063 33.384 -175.6696
1.286318 33.462 -175.7879
1.295639 33.541 -175.9151
1.305027 33.621 -176.0514
1.314484 33.701 -176.1972
1.324009 33.782 -176.3530
1.333604 33.863 -176.5191
1.343268 33.944 -176.6960
1.353002 34.025 -176.8840
1.362806 34.106 -177.0837
1.372681 34.187 -177.2955
1.382628 34.267 -177.5199
1.392647 34.347 -177.7574
1.402739 34.426 -178.0086
1.412904 34.505 -178.2740
1.423142 34.582 -178.5541
1.433455 34.659 -178.8495
1.443843 34.735 -179.1606
1.454305 34.810 -179.4877
1.464844 34.884 -179.8310
1.475459 34.957 179.8095
1.486150 35.030 179.4342
1.496920 35.103 179.0434
1.507767 35.176 178.6376
1.518693 35.249 178.2176
1.529698 35.322 177.7838
1.540783 35.395 177.3368
1.551948 35.468 176.8773
1.563194 35.541 176.4058
1.574521 35.614 175.9227
1.585931 35.687 175.4286
1.597423 35.759 174.9239
1.608999 35.831 174.4090
1.620658 35.903 173.8844
1.632402 35.975 173.3502
1.644232 36.046 172.8067
1.656146 36.117 172.2543
1.668147 36.187 171.6929
1.680235 36.257 171.1228
1.692411 36.325 170.5440
1.704675 36.393 169.9564
1.717028 36.460 169.3600
1.729470 36.527 168.7544
1.742003 36.592 168.1395
1.754626 36.656 167.5148
1.767341 36.719 166.8796
1.780147 36.780 166.2331
1.793047 36.840 165.5739
1.806040 36.899 164.9004
1.819128 36.957 164.2104
1.832310 37.013 163.5013
1.845587 37.067 162.7703
1.858961 37.121 162.0155
1.872432 37.173 161.2354
1.886001 37.224 160.4299
1.899667 37.273 159.5994
1.913433 37.321 158.7451
1.927299 37.368 157.8683
1.941265 37.413 156.9709
1.955332 37.457 156.0544
1.969501 37.499 155.1208
1.983773 37.540 154.1717
1.998148 37.580 153.2089
2.012627 37.617 152.2340
2.027212 37.653 151.2487
2.041902 37.688 150.2545
2.056698 37.720 149.2526
2.071602 37.751 148.2443
2.086614 37.780 147.2307
2.101734 37.807 146.2124
2.116964 37.832 145.1897
2.132304 37.856 144.1626
2.147756 37.877 143.1298
2.163320 37.896 142.0892
2.178996 37.912 141.0372
2.194786 37.927 139.9686
2.210690 37.939 138.8773
2.226710 37.949 137.7573
2.242845 37.957 136.6042
2.259098 37.962 135.4152
2.275468 37.965 134.1897
2.291957 37.965 132.9282
2.308566 37.963 131.6326
2.325295 37.958 130.3052
2.342145 37.951 128.9488
2.359117 37.940 127.5665
2.376212 37.928 126.1617
2.393431 37.912 124.7376
2.410775 37.893 123.2977
2.428244 37.872 121.8453
2.445840 37.848 120.3834
2.463564 37.821 118.9147
2.481416 37.790 117.4410
2.499397 37.757 115.9631
2.517509 37.720 114.4797
2.535752 37.680 112.9871
2.554127 37.637 111.4785
2.572635 37.589 109.9441
2.591277 37.538 108.3729
2.610055 37.483 106.7547
2.628968 37.423 105.0822
2.648019 37.360 103.3511
2.667208 37.292 101.5599
2.686535 37.220 99.7094
2.706003 37.145 97.8019
2.725612 37.066 95.8413
2.745363 36.983 93.8325
2.765257 36.897 91.7810
2.785295 36.808 89.6931
2.805478 36.717 87.5749
2.825808 36.622 85.4324
2.846285 36.525 83.2704
2.866910 36.426 81.0914
2.887685 36.323 78.8941
2.908611 36.218 76.6722
2.929688 36.109 74.4130
2.950917 35.996 72.0986
2.972301 35.877 69.7092
2.993839 35.754 67.2276
3.015534 35.626 64.6406
3.037386 35.493 61.9407
3.059396 35.357 59.1250
3.081565 35.218 56.1954
3.103896 35.079 53.1576
3.126388 34.939 50.0208
3.149043 34.801 46.7969
3.171862 34.667 43.4996
3.194847 34.537 40.1428
3.217998 34.414 36.7381
3.241317 34.298 33.2923
3.264805 34.190 29.8038
3.288463 34.091 26.2598
3.312293 34.002 22.6373
3.336295 33.920 18.9077
3.360471 33.847 15.0461
3.384822 33.781 11.0371
3.409350 33.723 6.8785
3.434056 33.673 2.5812
3.458940 33.630 -1.8319
3.484005 33.596 -6.3285
3.509252 33.570 -10.8702
3.534681 33.554 -15.4170
3.560295 33.547 -19.9322
3.586094 33.551 -24.3884
3.612081 33.567 -28.7715
3.638255 33.595 -33.0846
3.664620 33.637 -37.3471
3.691175 33.693 -41.5885
3.717923 33.764 -45.8360
3.744864 33.849 -50.1044
3.772001 33.947 -54.3920
3.799335 34.055 -58.6824
3.826866 34.172 -62.9490
3.854597 34.296 -67.1608
3.882529 34.422 -71.2871
3.910664 34.549 -75.3034
3.939002 34.675 -79.1947
3.967546 34.797 -82.9594
3.996296 34.915 -86.6108
4.025255 35.027 -90.1768
4.054423 35.135 -93.6937
4.083804 35.239 -97.1965
4.113396 35.339 -100.7083
4.143204 35.435 -104.2367
4.173227 35.528 -107.7750
4.203468 35.615 -111.3068
4.233928 35.696 -114.8104
4.264609 35.770 -118.2642
4.295512 35.836 -121.6519
4.326639 35.892 -124.9664
4.357992 35.937 -128.2138
4.389572 35.971 -131.4150
4.421380 35.994 -134.6021
4.453419 36.006 -137.8095
4.485691 36.006 -141.0633
4.518196 35.995 -144.3752
4.550936 35.973 -147.7428
4.583914 35.939 -151.1523
4.617131 35.893 -154.5833
4.650589 35.834 -158.0147
4.684289 35.762 -161.4305
4.718233 35.676 -164.8271
4.752424 35.576 -168.2175
4.786862 35.462 -171.6315
4.821549 35.332 -175.1083
4.856488 35.186 -178.6839
4.891680 35.027 177.6184
4.927127 34.853 173.7906
4.962831 34.667 169.8393
4.998794 34.468 165.7814
5.035017 34.259 161.6367
5.071503 34.038 157.4178
5.108253 33.806 153.1193
5.145270 33.563 148.7114
5.182555 33.306 144.1409
5.220110 33.039 139.3481
5.257937 32.762 134.2820
5.296038 32.482 128.9128
5.334415 32.205 123.2372
5.373071 31.938 117.2775
5.412006 31.690 111.0715
5.451224 31.468 104.6550
5.490725 31.276 98.0434
5.530514 31.119 91.2236
5.570590 30.997 84.1710
5.610957 30.910 76.8831
5.651616 30.856 69.4067
5.692570 30.835 61.8439
5.733821 30.844 54.3334
5.775370 30.884 47.0139
5.817221 30.954 39.9860
5.859375 31.054 33.2902
5.901834 31.185 26.9142
5.944602 31.343 20.8245
5.987679 31.524 14.9991
6.031068 31.721 9.4414
6.074771 31.926 4.1740
6.118792 32.130 -0.7762
6.163131 32.327 -5.3942
6.207792 32.511 -9.6880
6.252776 32.680 -13.6895
6.298086 32.834 -17.4432
6.343725 32.972 -20.9873
6.389694 33.096 -24.3420
6.435996 33.207 -27.5078
6.482634 33.303 -30.4712
6.529610 33.386 -33.2148
6.576926 33.455 -35.7272
6.624585 33.510 -38.0093
6.672590 33.553 -40.0745
6.720942 33.586 -41.9413
6.769645 33.612 -43.6263
6.818700 33.637 -45.1387
6.868111 33.666 -46.4807
6.917881 33.702 -47.6494
6.968010 33.750 -48.6423
7.018504 33.812 -49.4645
7.069362 33.888 -50.1351
7.120590 33.982 -50.6882
7.172189 34.095 -51.1672
7.224161 34.231 -51.6172
7.276511 34.390 -52.0768
7.329239 34.575 -52.5731
7.382350 34.785 -53.1245
7.435845 35.018 -53.7479
7.489729 35.270 -54.4664
7.544002 35.534 -55.3084
7.598669 35.808 -56.3026
7.653732 36.085 -57.4710
7.709194 36.362 -58.8235
7.765058 36.638 -60.3571
7.821327 36.908 -62.0601
7.878004 37.172 -63.9204
7.935091 37.424 -65.9299
7.992592 37.661 -68.0865
8.050510 37.882 -70.3920
8.108847 38.083 -72.8459
8.167607 38.264 -75.4393
8.226793 38.423 -78.1540
8.286408 38.560 -80.9680
8.346454 38.674 -83.8641
8.406936 38.762 -86.8347
8.467856 38.824 -89.8795
8.529218 38.860 -92.9966
8.591024 38.868 -96.1725
8.653278 38.847 -99.3823
8.715983 38.797 -102.5983
8.779143 38.716 -105.7996
8.842760 38.604 -108.9755
8.906839 38.460 -112.1173
8.971381 38.282 -115.2050
9.036392 38.070 -118.2024
9.101873 37.823 -121.0624
9.167829 37.541 -123.7378
9.234263 37.223 -126.1877
9.301178 36.874 -128.3713
9.368578 36.498 -130.2360
9.436467 36.104 -131.7109
9.504847 35.700 -132.7124
9.573723 35.300 -133.1585
9.643099 34.922 -132.9907
9.712976 34.593 -132.1921
9.783361 34.348 -130.8011
9.854255 34.223 -128.9191
9.925663 34.244 -126.7112
9.997588 34.419 -124.3996
10.070035 34.735 -122.2396
10.143007 35.165 -120.4700
10.216507 35.680 -119.2601
10.290540 36.253 -118.6843
10.365109 36.858 -118.7360
10.440219 37.472 -119.3637
10.515873 38.074 -120.5020
10.592076 38.647 -122.0844
10.668830 39.180 -124.0432
10.746141 39.667 -126.3053
10.824012 40.104 -128.7953
10.902447 40.489 -131.4454
10.981451 40.820 -134.2025
11.061027 41.096 -137.0231
11.141180 41.315 -139.8602
11.221913 41.478 -142.6558
11.303232 41.582 -145.3491
11.385140 41.629 -147.8842
11.467641 41.619 -150.2076
11.550741 41.553 -152.2525
11.634442 41.436 -153.9325
11.718750 41.275 -155.1490
11.803669 41.080 -155.8024
11.889203 40.873 -155.7965
11.975357 40.682 -155.0425
12.062136 40.542 -153.4810
12.149543 40.493 -151.1243
12.237583 40.569 -148.1035
12.326262 40.796 -144.6870
12.415583 41.186 -141.2368
12.505552 41.727 -138.1174
12.596172 42.387 -135.6110
12.687449 43.122 -133.8839
12.779387 43.888 -132.9875
12.871992 44.653 -132.8834
12.965268 45.395 -133.4812
13.059220 46.096 -134.6764
13.153852 46.747 -136.3710
13.249170 47.340 -138.4764
13.345179 47.871 -140.9114
13.441884 48.338 -143.6017
13.539289 48.741 -146.4859
13.637401 49.080 -149.5134
13.736223 49.354 -152.6369
13.835761 49.563 -155.8081
13.936021 49.708 -158.9825
14.037007 49.788 -162.1202
14.138725 49.803 -165.1770
14.241180 49.754 -168.1015
14.344377 49.641 -170.8394
14.448323 49.464 -173.3331
14.553021 49.226 -175.5142
14.658478 48.932 -177.3004
14.764700 48.587 -178.6005
14.871691 48.203 -179.3167
14.979457 47.799 -179.3463
15.088005 47.399 -178.5958
15.197339 47.035 -177.0099
15.307465 46.748 -174.6098
15.418389 46.578 -171.5259
15.530117 46.554 -168.0094
15.642655 46.686 -164.4043
15.756008 46.963 -161.0664
15.870182 47.354 -158.2721
15.985184 47.823 -156.1746
16.101019 48.330 -154.8126
16.217694 48.844 -154.1425
16.335214 49.343 -154.0746
16.453586 49.812 -154.5039
16.572815 50.241 -155.3276
16.692909 50.628 -156.4520
16.813872 50.969 -157.7942
16.935713 51.268 -159.2844
17.058436 51.525 -160.8648
17.182048 51.744 -162.4869
17.306556 51.929 -164.1106
17.431967 52.083 -165.7043
17.558286 52.209 -167.2419
17.685521 52.312 -168.7023
17.813677 52.394 -170.0685
17.942762 52.459 -171.3262
18.072783 52.510 -172.4626
18.203746 52.549 -173.4654
18.335658 52.579 -174.3225
18.468526 52.604 -175.0219
18.602356 52.628 -175.5521
18.737156 52.655 -175.9037
18.872934 52.690 -176.0724
19.009695 52.741 -176.0616
19.147447 52.814 -175.8862
19.286197 52.916 -175.5758
19.425953 53.053 -175.1758
19.566721 53.229 -174.7455
19.708510 53.445 -174.3549
19.851326 53.696 -174.0760
19.995177 53.976 -173.9745
20.140070 54.276 -174.1023
20.286013 54.584 -174.4921
20.433014 54.886 -175.1544
20.581080 55.171 -176.0792
20.730219 55.428 -177.2372
20.880439 55.647 -178.5825
21.031747 55.820 179.9434
21.184152 55.941 178.4105
21.337661 56.007 176.8982
21.492282 56.018 175.4930
21.648024 55.976 174.2881
21.804895 55.888 173.3785
21.962902 55.767 172.8560
22.122054 55.628 172.7982
22.282360 55.494 173.2518
22.443827 55.392 174.2136
22.606464 55.348 175.6121
22.770280 55.384 177.3024
22.935283 55.507 179.0847
23.101481 55.716 -179.2581
23.268884 55.991 -177.9109
23.437500 56.309 -176.9937
23.607338 56.642 -176.5503
23.778406 56.966 -176.5585
23.950714 57.263 -176.9504
24.124271 57.521 -177.6331
24.299086 57.734 -178.5040
24.475167 57.902 -179.4640
24.652524 58.028 179.5759
24.831166 58.122 178.6869
25.011103 58.192 177.9181
25.192344 58.251 177.2930
25.374898 58.310 176.8084
25.558775 58.377 176.4373
25.743984 58.460 176.1350
25.930536 58.559 175.8503
26.118439 58.674 175.5352
26.307704 58.799 175.1541
26.498341 58.929 174.6893
26.690359 59.059 174.1408
26.883768 59.184 173.5229
27.078579 59.302 172.8586
27.274801 59.412 172.1730
27.472446 59.517 171.4885
27.671522 59.617 170.8218
27.872042 59.716 170.1821
28.074014 59.815 169.5734
28.277450 59.916 168.9961
28.482360 60.018 168.4504
28.688755 60.122 167.9382
28.896645 60.227 167.4637
29.106042 60.335 167.0323
29.316957 60.447 166.6475
29.529400 60.564 166.3085
29.743382 60.688 166.0083
29.958915 60.819 165.7344
30.176009 60.958 165.4703
30.394677 61.101 165.2010
30.614929 61.248 164.9166
30.836778 61.393 164.6157
31.060234 61.534 164.3063
31.285309 61.670 164.0029
31.512015 61.800 163.7223
31.740364 61.926 163.4779
31.970368 62.051 163.2744
32.202039 62.177 163.1056
32.435388 62.307 162.9553
32.670428 62.440 162.8014
32.907171 62.575 162.6225
33.145630 62.709 162.4043
33.385817 62.838 162.1432
33.627745 62.960 161.8470
33.871425 63.072 161.5317
34.116871 63.176 161.2153
34.364096 63.274 160.9121
34.613113 63.369 160.6281
34.863934 63.463 160.3586
35.116572 63.559 160.0902
35.371041 63.658 159.8052
35.627354 63.758 159.4871
35.885525 63.859 159.1257
36.145566 63.956 158.7197
36.407492 64.050 158.2765
36.671316 64.137 157.8105
36.937051 64.218 157.3394
37.204712 64.294 156.8807
37.474313 64.368 156.4491
37.745867 64.441 156.0542
38.019389 64.517 155.6993
38.294893 64.598 155.3812
38.572394 64.686 155.0909
38.851905 64.783 154.8149
39.133442 64.888 154.5380
39.417019 65.000 154.2465
39.702651 65.117 153.9307
39.990353 65.237 153.5869
40.280140 65.358 153.2162
40.572026 65.478 152.8234
40.866028 65.596 152.4141
41.162160 65.712 151.9931
41.460438 65.824 151.5648
41.760877 65.931 151.1340
42.063494 66.034 150.7085
42.368303 66.130 150.2994
42.675322 66.222 149.9200
42.984565 66.311 149.5822
43.296048 66.399 149.2923
43.609789 66.489 149.0474
43.925804 66.586 148.8345
44.244108 66.689 148.6328
44.564719 66.799 148.4185
44.887654 66.915 148.1714
45.212928 67.032 147.8792
45.540560 67.148 147.5406
45.870565 67.260 147.1656
46.202962 67.367 146.7728
46.537768 67.467 146.3841
46.875000 67.564 146.0182
47.214676 67.659 145.6841
47.556813 67.757 145.3776
47.901429 67.858 145.0838
48.248542 67.963 144.7842
48.598171 68.069 144.4670
48.950334 68.172 144.1333
49.305048 68.272 143.7965
49.662333 68.368 143.4742
50.022206 68.462 143.1773
50.384688 68.559 142.9026
50.749796 68.658 142.6343
51.117550 68.760 142.3524
51.487969 68.862 142.0441
51.861072 68.962 141.7089
52.236879 69.057 141.3574
52.615409 69.148 141.0026
52.996681 69.237 140.6530
53.380717 69.324 140.3105
53.767536 69.411 139.9726
54.157158 69.497 139.6373
54.549603 69.582 139.3050
54.944892 69.668 138.9774
55.343045 69.753 138.6557
55.744084 69.839 138.3401
56.148028 69.926 138.0314
56.554900 70.013 137.7330
56.964720 70.101 137.4493
57.377510 70.190 137.1825
57.793291 70.283 136.9293
58.212085 70.381 136.6802
58.633914 70.482 136.4213
59.058799 70.585 136.1395
59.486764 70.689 135.8262
59.917829 70.791 135.4805
60.352019 70.889 135.1095
60.789354 70.980 134.7269
61.229859 71.066 134.3495
61.673556 71.147 133.9925
62.120468 71.226 133.6657
62.570618 71.306 133.3708
63.024031 71.389 133.1012
63.480729 71.476 132.8428
63.940736 71.569 132.5782
64.404077 71.666 132.2915
64.870776 71.765 131.9736
65.340856 71.863 131.6243
65.814343 71.959 131.2511
66.291261 72.051 130.8657
66.771635 72.137 130.4812
67.255489 72.220 130.1102
67.742850 72.299 129.7637
68.233743 72.375 129.4484
68.728193 72.451 129.1653
69.226226 72.528 128.9101
69.727867 72.606 128.6759
70.233144 72.686 128.4550
70.742083 72.770 128.2381
71.254709 72.857 128.0134
71.771050 72.946 127.7678
72.291132 73.036 127.4915
72.814984 73.124 127.1837
73.342631 73.210 126.8542
73.874102 73.292 126.5195
74.409424 73.371 126.1942
74.948626 73.450 125.8845
75.491734 73.529 125.5880
76.038779 73.609 125.3004
76.589787 73.690 125.0199
77.144788 73.773 124.7460
77.703811 73.856 124.4752
78.266885 73.939 124.2010
78.834039 74.022 123.9189
79.405303 74.104 123.6304
79.980706 74.183 123.3418
80.560280 74.262 123.0588
81.144053 74.339 122.7836
81.732056 74.417 122.5163
82.324320 74.496 122.2556
82.920876 74.576 121.9984
83.521755 74.658 121.7404
84.126988 74.741 121.4774
84.736607 74.823 121.2090
85.350643 74.904 120.9385
85.969129 74.983 120.6703
86.592097 75.060 120.4070
87.219579 75.135 120.1502
87.851608 75.209 119.9011
88.488217 75.282 119.6592
89.129439 75.357 119.4213
89.775308 75.433 119.1809
90.425856 75.511 118.9315
91.081119 75.590 118.6703
91.741131 75.670 118.3995
92.405925 75.749 118.1252
93.075536 75.826 117.8565
93.750000 75.901 117.6022
94.429351 75.973 117.3667
95.113625 76.043 117.1472
95.802858 76.111 116.9352
96.497085 76.177 116.7214
97.196342 76.242 116.4977
97.900667 76.306 116.2585
98.610096 76.370 116.0012
99.324665 76.434 115.7271
100.044413 76.501 115.4386
100.769376 76.569 115.1395
101.499592 76.639 114.8373
102.235100 76.708 114.5450
102.975938 76.776 114.2734
103.722144 76.844 114.0219
104.473757 76.913 113.7787
105.230817 76.981 113.5309
105.993363 77.049 113.2733
106.761435 77.119 113.0124
107.535072 77.192 112.7620
108.314315 77.273 112.5352
109.099206 77.361 112.3408
109.889783 77.454 112.1883
110.686090 77.546 112.0901
111.488167 77.630 112.0551
112.296056 77.698 112.0793
113.109800 77.741 112.1425
113.929440 77.754 112.2092
114.755020 77.735 112.2345
115.586582 77.687 112.1718
116.424170 77.619 111.9852
117.267827 77.545 111.6639
118.117598 77.484 111.2396
118.973527 77.461 110.7859
119.835658 77.501 110.3627
120.704037 77.619 109.9592
121.578708 77.799 109.5497
122.459718 78.014 109.1766
123.347111 78.234 108.9326
124.240935 78.439 108.8903
125.141236 78.620 109.0621
126.048061 78.775 109.3946
126.961458 78.906 109.7933
127.881473 79.016 110.1599
128.808154 79.114 110.4175
129.741551 79.203 110.5229
130.681712 79.292 110.4706
131.628686 79.385 110.2888
132.582521 79.483 110.0250
133.543269 79.589 109.7251
134.510979 79.703 109.4183
135.485701 79.821 109.1109
136.467486 79.940 108.7916
137.456386 80.057 108.4434
138.452451 80.168 108.0503
139.455735 80.271 107.6019
140.466288 80.363 107.0986
141.484165 80.445 106.5529
142.509418 80.518 105.9915
143.542100 80.585 105.4518
144.582265 80.656 104.9640
145.629968 80.736 104.5272
146.685262 80.827 104.1166
147.748204 80.925 103.7194
148.818849 81.021 103.3542
149.897251 81.109 103.0529
150.983469 81.187 102.8356
152.077557 81.255 102.6976
153.179574 81.318 102.6051
154.289576 81.377 102.5109
155.407622 81.436 102.3796
156.533770 81.495 102.1974
157.668078 81.556 101.9695
158.810606 81.619 101.7118
159.961413 81.684 101.4423
161.120559 81.751 101.1744
162.288105 81.819 100.9130
163.464112 81.887 100.6552
164.648640 81.954 100.3953
165.841752 82.019 100.1287
167.043510 82.084 99.8546
168.253976 82.146 99.5770
169.473213 82.207 99.3018
170.701286 82.266 99.0323
171.938258 82.326 98.7674
173.184194 82.386 98.5045
174.439158 82.447 98.2421
175.703216 82.509 97.9803
176.976434 82.570 97.7189
178.258878 82.630 97.4579
179.550615 82.689 97.1973
180.851713 82.746 96.9389
182.162239 82.802 96.6869
183.482262 82.859 96.4460
184.811850 82.917 96.2170
186.151073 82.977 95.9947
187.500000 83.039 95.7718
188.858702 83.101 95.5458
190.227250 83.164 95.3194
191.605715 83.225 95.0970
192.994169 83.286 94.8806
194.392685 83.346 94.6689
195.801334 83.405 94.4591
197.220191 83.462 94.2473
198.649330 83.519 94.0310
200.088825 83.575 93.8110
201.538751 83.631 93.5901
202.999184 83.689 93.3706
204.470200 83.749 93.1532
205.951875 83.809 92.9376
207.444287 83.869 92.7220
208.947514 83.929 92.5050
210.461634 83.988 92.2856
211.986726 84.047 92.0652
213.522869 84.106 91.8458
215.070144 84.163 91.6297
216.628631 84.220 91.4187
218.198411 84.275 91.2148
219.779567 84.329 91.0192
221.372180 84.383 90.8314
222.976334 84.438 90.6495
224.592112 84.492 90.4711
226.219600 84.548 90.2927
227.858880 84.603 90.1104
229.510039 84.657 89.9221
231.173164 84.711 89.7292
232.848340 84.764 89.5365
234.535655 84.818 89.3500
236.235197 84.874 89.1735
237.947054 84.931 89.0054
239.671317 84.989 88.8401
241.408074 85.049 88.6719
243.157416 85.109 88.4971
244.919435 85.168 88.3146
246.694223 85.226 88.1251
248.481871 85.284 87.9295
250.282473 85.340 87.7305
252.096123 85.395 87.5333
253.922915 85.449 87.3441
255.762945 85.503 87.1654
257.616309 85.557 86.9941
259.483103 85.610 86.8253
261.363424 85.664 86.6550
263.257372 85.718 86.4828
265.165043 85.772 86.3116
267.086538 85.824 86.1456
269.021957 85.876 85.9882
270.971401 85.926 85.8411
272.934972 85.976 85.7037
274.912771 86.025 85.5742
276.904902 86.074 85.4506
278.911469 86.123 85.3321
280.932577 86.173 85.2186
282.968330 86.224 85.1114
285.018835 86.276 85.0126
287.084199 86.330 84.9255
289.164530 86.385 84.8522
291.259935 86.443 84.7912
293.370525 86.503 84.7367
295.496408 86.567 84.6804
297.637697 86.634 84.6139
299.794503 86.704 84.5305
301.966937 86.777 84.4246
304.155114 86.851 84.2923
306.359147 86.927 84.1317
308.579152 87.003 83.9427
310.815244 87.077 83.7276
313.067539 87.149 83.4904
315.336156 87.218 83.2360
317.621211 87.283 82.9703
319.922826 87.344 82.6992
322.241118 87.402 82.4282
324.576210 87.456 82.1620
326.928223 87.508 81.9043
329.297280 87.558 81.6563
331.683504 87.606 81.4180
334.087019 87.654 81.1876
336.507952 87.700 80.9640
338.946427 87.746 80.7469
341.402572 87.792 80.5371
343.876516 87.837 80.3349
346.368387 87.882 80.1400
348.878315 87.927 79.9518
351.406431 87.972 79.7691
353.952867 88.017 79.5906
356.517756 88.062 79.4150
359.101230 88.106 79.2419
361.703426 88.151 79.0714
364.324478 88.195 78.9031
366.964523 88.240 78.7374
369.623699 88.284 78.5740
372.302145 88.328 78.4128
375.000000 88.373 78.2540
377.717405 88.417 78.0974
380.454501 88.461 77.9434
383.211431 88.505 77.7920
385.988339 88.548 77.6431
388.785369 88.592 77.4967
391.602668 88.635 77.3521
394.440383 88.678 77.2083
397.298660 88.722 77.0647
400.177650 88.765 76.9213
403.077502 88.808 76.7787
405.998368 88.851 76.6376
408.940400 88.894 76.4985
411.903750 88.937 76.3615
414.888575 88.980 76.2264
417.895028 89.022 76.0930
420.923268 89.065 75.9609
423.973452 89.107 75.8297
427.045738 89.148 75.6995
430.140287 89.190 75.5707
433.257261 89.231 75.4439
436.396822 89.272 75.3193
439.559133 89.313 75.1965
442.744360 89.353 75.0751
445.952668 89.394 74.9548
449.184225 89.434 74.8359
452.439199 89.474 74.7187
455.717760 89.514 74.6035
459.020079 89.554 74.4905
462.346327 89.594 74.3799
465.696680 89.633 74.2717
469.071310 89.672 74.1656
472.470394 89.711 74.0610
475.894109 89.750 73.9581
479.342634 89.789 73.8566
482.816148 89.827 73.7566
486.314833 89.866 73.6581
489.838871 89.904 73.5606
493.388445 89.941 73.4639
496.963741 89.979 73.3677
500.564945 90.017 73.2727
504.192245 90.054 73.1795
507.845830 90.091 73.0889
511.525890 90.128 73.0012
515.232618 90.165 72.9163
518.966206 90.202 72.8339
522.726849 90.238 72.7539
526.514743 90.275 72.6764
530.330086 90.311 72.6012
534.173076 90.348 72.5282
538.043915 90.384 72.4576
541.942803 90.421 72.3898
545.869944 90.457 72.3248
549.825542 90.493 72.2628
553.809805 90.528 72.2040
557.822939 90.564 72.1481
561.865154 90.599 72.0948
565.936660 90.634 72.0436
570.037671 90.669 71.9946
574.168399 90.704 71.9482
578.329060 90.739 71.9052
582.519870 90.773 71.8653
586.741049 90.808 71.8286
590.992817 90.843 71.7944
595.275394 90.878 71.7626
599.589005 90.912 71.7332
603.933874 90.947 71.7059
608.310228 90.981 71.6813
612.718295 91.015 71.6594
617.158304 91.049 71.6406
621.630488 91.083 71.6250
626.135079 91.118 71.6128
630.672311 91.152 71.6043
635.242423 91.186 71.5997
639.845651 91.220 71.5992
644.482237 91.254 71.6025
649.152421 91.288 71.6094
653.856447 91.323 71.6198
658.594560 91.357 71.6339
663.367008 91.391 71.6514
668.174039 91.425 71.6722
673.015903 91.460 71.6959
677.892854 91.494 71.7228
682.805145 91.529 71.7527
687.753032 91.563 71.7859
692.736774 91.598 71.8229
697.756631 91.633 71.8645
702.812863 91.669 71.9110
707.905735 91.704 71.9625
713.035511 91.740 72.0185
718.202461 91.776 72.0787
723.406852 91.812 72.1428
728.648956 91.849 72.2109
733.929047 91.886 72.2828
739.247399 91.923 72.3585
744.604290 91.961 72.4382
750.000000 91.999 72.5219
755.434809 92.037 72.6094
760.909001 92.076 72.7009
766.422861 92.116 72.7964
771.976677 92.156 72.8961
777.570739 92.196 73.0001
783.205337 92.237 73.1083
788.880766 92.279 73.2201
794.597321 92.322 73.3352
800.355301 92.365 73.4529
806.155005 92.409 73.5729
811.996736 92.454 73.6951
817.880799 92.499 73.8195
823.807501 92.545 73.9462
829.777150 92.592 74.0754
835.790057 92.640 74.2073
841.846536 92.689 74.3422
847.946903 92.739 74.4799
854.091476 92.789 74.6198
860.280575 92.841 74.7613
866.514523 92.894 74.9034
872.793644 92.948 75.0456
879.118267 93.003 75.1878
885.488720 93.060 75.3302
891.905336 93.117 75.4728
898.368450 93.175 75.6156
904.878398 93.234 75.7581
911.435520 93.295 75.9002
918.040157 93.356 76.0413
924.692655 93.419 76.1804
931.393359 93.483 76.3170
938.142619 93.548 76.4502
944.940787 93.613 76.5795
951.788218 93.680 76.7048
958.685268 93.749 76.8257
965.632296 93.818 76.9421
972.629666 93.888 77.0536
979.677741 93.959 77.1603
986.776890 94.031 77.2621
993.927482 94.104 77.3588
1001.129891 94.178 77.4499
1008.384491 94.253 77.5349
1015.691660 94.328 77.6130
1023.051781 94.404 77.6838
1030.465236 94.481 77.7469
1037.932411 94.558 77.8019
1045.453698 94.636 77.8484
1053.029486 94.715 77.8860
1060.660172 94.794 77.9146
1068.346153 94.874 77.9340
1076.087829 94.954 77.9441
1083.885605 95.034 77.9448
1091.739887 95.115 77.9357
1099.651084 95.196 77.9166
1107.619609 95.277 77.8870
1115.645878 95.357 77.8470
1123.730308 95.438 77.7963
1131.873321 95.518 77.7352
1140.075341 95.597 77.6638
1148.336797 95.676 77.5828
1156.658119 95.755 77.4929
1165.039741 95.832 77.3948
1173.482099 95.909 77.2889
1181.985634 95.985 77.1754
1190.550789 96.060 77.0546
1199.178011 96.134 76.9271
1207.867749 96.206 76.7935
1216.620457 96.278 76.6542
1225.436590 96.348 76.5096
1234.316609 96.417 76.3604
1243.260976 96.484 76.2072
1252.270157 96.551 76.0511
1261.344623 96.616 75.8932
1270.484846 96.681 75.7339
1279.691303 96.744 75.5740
1288.964474 96.806 75.4137
1298.304842 96.867 75.2534
1307.712894 96.927 75.0934
1317.189120 96.987 74.9337
1326.734016 97.045 74.7744
1336.348077 97.102 74.6159
1346.031806 97.159 74.4587
1355.785708 97.214 74.3031
1365.610290 97.269 74.1497
1375.506065 97.323 73.9985
1385.473549 97.377 73.8500
1395.513261 97.430 73.7039
1405.625726 97.482 73.5602
1415.811469 97.534 73.4192
1426.071023 97.586 73.2809
1436.404921 97.637 73.1454
1446.813703 97.688 73.0125
1457.297912 97.739 72.8824
1467.858093 97.789 72.7549
1478.494798 97.839 72.6303
1489.208581 97.889 72.5085
1500.000000 97.939 72.3895
1510.869618 97.989 72.2731
1521.818002 98.039 72.1592
1532.845723 98.088 72.0476
1543.953355 98.138 71.9381
1555.141477 98.188 71.8306
1566.410674 98.238 71.7251
1577.761531 98.288 71.6212
1589.194642 98.339 71.5187
1600.710601 98.389 71.4174
1612.310010 98.440 71.3170
1623.993473 98.492 71.2174
1635.761599 98.543 71.1184
1647.615002 98.595 71.0197
1659.554299 98.648 70.9211
1671.580114 98.701 70.8221
1683.693072 98.754 70.7224
1695.893807 98.807 70.6216
1708.182952 98.861 70.5197
1720.561150 98.915 70.4163
1733.029045 98.969 70.3113
1745.587288 99.024 70.2049
1758.236533 99.080 70.0966
1770.977440 99.136 69.9859
1783.810673 99.192 69.8724
1796.736900 99.249 69.7556
1809.756796 99.306 69.6353
1822.871040 99.363 69.5114
1836.080315 99.421 69.3834
1849.385310 99.479 69.2515
1862.786718 99.538 69.1154
1876.285239 99.597 68.9745
1889.881575 99.656 68.8287
1903.576436 99.716 68.6772
1917.370535 99.776 68.5198
1931.264593 99.836 68.3559
1945.259332 99.897 68.1851
1959.355483 99.958 68.0072
1973.553781 100.019 67.8215
1987.854965 100.080 67.6276
2002.259781 100.141 67.4250
2016.768981 100.202 67.2135
2031.383320 100.263 66.9927
2046.103561 100.324 66.7625
2060.930471 100.385 66.5225
2075.864823 100.445 66.2729
2090.907395 100.506 66.0137
2106.058972 100.566 65.7445
2121.320344 100.625 65.4650
2136.692305 100.684 65.1749
2152.175658 100.742 64.8738
2167.771210 100.800 64.5616
2183.479774 100.856 64.2383
2199.302169 100.911 63.9039
2215.239219 100.966 63.5583
2231.291755 101.019 63.2016
2247.460615 101.070 62.8336
2263.746641 101.121 62.4543
2280.150683 101.170 62.0639
2296.673595 101.217 61.6627
2313.316238 101.263 61.2508
2330.079481 101.306 60.8288
2346.964198 101.348 60.3969
2363.971268 101.388 59.9556
2381.101578 101.426 59.5051
2398.356022 101.461 59.0460
2415.735498 101.494 58.5792
2433.240913 101.525 58.1049
2450.873180 101.552 57.6239
2468.633217 101.577 57.1366
2486.521951 101.600 56.6436
2504.540314 101.619 56.1456
2522.689246 101.635 55.6439
2540.969692 101.648 55.1393
2559.382606 101.659 54.6329
2577.928947 101.666 54.1257
2596.609683 101.670 53.6185
2615.425787 101.671 53.1123
2634.378241 101.668 52.6083
2653.468031 101.663 52.1075
2672.696154 101.654 51.6113
2692.063613 101.643 51.1207
2711.571415 101.628 50.6369
2731.220579 101.610 50.1609
2751.012130 101.590 49.6941
2770.947098 101.567 49.2374
2791.026522 101.540 48.7922
2811.251451 101.512 48.3595
2831.622938 101.480 47.9402
2852.142045 101.446 47.5355
2872.809842 101.409 47.1461
2893.627406 101.371 46.7733
2914.595823 101.330 46.4185
2935.716186 101.287 46.0828
2956.989596 101.243 45.7675
2978.417161 101.197 45.4741
3000.000000 101.150 45.2039
3021.739237 101.102 44.9583
3043.636005 101.054 44.7385
3065.691446 101.005 44.5457
3087.906710 100.957 44.3807
3110.282955 100.910 44.2435
3132.821347 100.865 44.1333
3155.523062 100.822 44.0480
3178.389283 100.783 43.9841
3201.421202 100.747 43.9363
3224.620020 100.715 43.8986
3247.986946 100.688 43.8640
3271.523198 100.664 43.8263
3295.230004 100.643 43.7804
3319.108599 100.625 43.7231
3343.160228 100.609 43.6531
3367.386145 100.594 43.5715
3391.787613 100.578 43.4807
3416.365904 100.563 43.3839
3441.122300 100.548 43.2844
3466.058091 100.533 43.1850
3491.174576 100.519 43.0874
3516.473066 100.505 42.9924
3541.954880 100.493 42.8998
3567.621345 100.482 42.8086
3593.473800 100.473 42.7169
3619.513592 100.466 42.6226
3645.742080 100.462 42.5230
3672.160630 100.459 42.4152
3698.770620 100.459 42.2961
3725.573436 100.462 42.1630
3752.570477 100.466 42.0132
3779.763150 100.472 41.8447
3807.152872 100.479 41.6556
3834.741071 100.488 41.4450
3862.529185 100.497 41.2124
3890.518664 100.508 40.9573
3918.710966 100.519 40.6794
3947.107561 100.531 40.3779
3975.709929 100.545 40.0509
4004.519563 100.560 39.6949
4033.537962 100.576 39.3048
4062.766641 100.595 38.8737
4092.207123 100.614 38.3936
4121.860942 100.635 37.8555
4151.729646 100.654 37.2510
4181.814790 100.672 36.5728
4212.117944 100.685 35.8155
4242.640687 100.691 34.9764
4273.384610 100.688 34.0570
4304.351317 100.673 33.0628
4335.542421 100.642 32.0048
4366.959549 100.593 30.8991
4398.604338 100.523 29.7678
4430.478438 100.432 28.6375
4462.583511 100.318 27.5385
4494.921231 100.182 26.5024
4527.493283 100.027 25.5602
4560.301365 99.855 24.7382
4593.347189 99.671 24.0565
4626.632476 99.480 23.5258
4660.158962 99.287 23.1467
4693.928395 99.098 22.9100
4727.942535 98.917 22.7975
4762.203156 98.747 22.7856
4796.712043 98.590 22.8474
4831.470996 98.448 22.9561
4866.481826 98.319 23.0875
4901.746360 98.202 23.2217
4937.266434 98.097 23.3445
4973.043902 98.000 23.4463
5009.080628 97.909 23.5226
5045.378492 97.824 23.5724
5081.939384 97.743 23.5971
5118.765212 97.666 23.5997
5155.857894 97.590 23.5840
5193.219366 97.517 23.5538
5230.851574 97.445 23.5131
5268.756481 97.376 23.4650
5306.936062 97.308 23.4123
5345.392309 97.243 23.3569
5384.127225 97.181 23.3000
5423.142830 97.122 23.2421
5462.441159 97.067 23.1833
5502.024259 97.016 23.1228
5541.894195 96.968 23.0594
5582.053045 96.926 22.9914
5622.502902 96.889 22.9166
5663.245876 96.857 22.8324
5704.284090 96.831 22.7359
5745.619684 96.811 22.6241
5787.254813 96.797 22.4938
5829.191647 96.788 22.3420
5871.432373 96.786 22.1661
5913.979192 96.790 21.9639
5956.834323 96.799 21.7339
6000.000000 96.813 21.4757
6043.478473 96.833 21.1899
6087.272010 96.858 20.8777
6131.382892 96.888 20.5414
6175.813420 96.925 20.1838
6220.565910 96.968 19.8076
6265.642695 97.019 19.4145
6311.046124 97.080 19.0046
6356.778566 97.151 18.5751
6402.842404 97.236 18.1198
6449.240040 97.337 17.6279
6495.973891 97.454 17.0844
6543.046396 97.591 16.4693
6590.460007 97.746 15.7592
6638.217197 97.921 14.9279
6686.320456 98.113 13.9481
6734.772290 98.321 12.7934
6783.575226 98.540 11.4398
6832.731809 98.767 9.8676
6882.244600 98.995 8.0623
6932.116181 99.219 6.0167
6982.349153 99.432 3.7316
7032.946133 99.627 1.2165
7083.909760 99.799 -1.5099
7135.242690 99.940 -4.4201
7186.947600 100.046 -7.4786
7239.027185 100.113 -10.6429
7291.484160 100.140 -13.8658
7344.321260 100.125 -17.0980
7397.541239 100.070 -20.2911
7451.146872 99.979 -23.4006
7505.140954 99.854 -26.3896
7559.526299 99.703 -29.2299
7614.305743 99.532 -31.9036
7669.482141 99.345 -34.4022
7725.058371 99.150 -36.7264
7781.037328 98.951 -38.8843
7837.421932 98.753 -40.8905
7894.215122 98.560 -42.7646
7951.419859 98.374 -44.5299
8009.039125 98.196 -46.2119
8067.075924 98.027 -47.8362
8125.533282 97.865 -49.4275
8184.414245 97.710 -51.0073
8243.721885 97.558 -52.5930
8303.459292 97.406 -54.1971
8363.629581 97.249 -55.8265
8424.235888 97.084 -57.4808
8485.281374 96.907 -59.1528
8546.769221 96.713 -60.8279
8608.702634 96.498 -62.4849
8671.084842 96.261 -64.0975
8733.919097 95.999 -65.6353
8797.208675 95.711 -67.0657
8860.956876 95.398 -68.3550
8925.167022 95.060 -69.4700
8989.842461 94.701 -70.3790
9054.986566 94.323 -71.0540
9120.602731 93.930 -71.4712
9186.694378 93.528 -71.6125
9253.264952 93.121 -71.4659
9320.317925 92.714 -71.0258
9387.856790 92.313 -70.2924
9455.885071 91.923 -69.2717
9524.406312 91.550 -67.9755
9593.424086 91.197 -66.4210
9662.941992 90.870 -64.6311
9732.963653 90.572 -62.6340
9803.492719 90.306 -60.4628
9874.532869 90.073 -58.1534
9946.087805 89.875 -55.7411
10018.161257 89.710 -53.2576
10090.756983 89.578 -50.7292
10163.878768 89.478 -48.1788
10237.530423 89.407 -45.6272
10311.715789 89.363 -43.0939
10386.438732 89.345 -40.5965
10461.703149 89.349 -38.1490
10537.512962 89.373 -35.7615
10613.872125 89.413 -33.4395
10690.784618 89.468 -31.1851
10768.254450 89.533 -28.9972
10846.285661 89.608 -26.8721
10924.882318 89.688 -24.8020
11004.048518 89.771 -22.7729
11083.788390 89.855 -20.7601
11164.106090 89.940 -18.7247
11245.005805 90.026 -16.6135
11326.491752 90.119 -14.3714
11408.568180 90.232 -11.9675
11491.239368 90.376 -9.4244
11574.509626 90.562 -6.8264
11658.383294 90.793 -4.2901
11742.864745 91.065 -1.9216
11827.958384 91.372 0.2088
11913.668646 91.705 2.0662
12000.000000 92.055 3.6372
12086.956947 92.417 4.9174
12174.544019 92.785 5.9044
12262.765784 93.152 6.5967
12351.626840 93.512 6.9943
12441.131819 93.859 7.1017
12531.285389 94.187 6.9301
12622.092249 94.489 6.4985
12713.557132 94.759 5.8347
12805.684808 94.992 4.9741
12898.480079 95.184 3.9586
12991.947783 95.335 2.8336
13086.092792 95.441 1.6461
13180.920015 95.505 0.4415
13276.434395 95.529 -0.7374
13372.640911 95.515 -1.8516
13469.544580 95.467 -2.8654
13567.150452 95.391 -3.7464
13665.463617 95.295 -4.4676
13764.489200 95.188 -5.0139
13864.232362 95.083 -5.3938
13964.698305 94.993 -5.6534
14065.892266 94.929 -5.8829
14167.819519 94.895 -6.2080
14270.485380 94.888 -6.7655
14373.895200 94.894 -7.6722
14478.054370 94.891 -8.9995
14582.968320 94.857 -10.7609
14688.642520 94.766 -12.9109
14795.082478 94.597 -15.3538
14902.293745 94.335 -17.9561
15010.281908 93.972 -20.5624
15119.052599 93.504 -23.0120
15228.611486 92.936 -25.1528
15338.964283 92.279 -26.8543
15450.116741 91.545 -28.0133
15562.074656 90.750 -28.5565
15674.843864 89.912 -28.4390
15788.430244 89.045 -27.6400
15902.839718 88.166 -26.1587
16018.078250 87.289 -24.0090
16134.151848 86.427 -21.2165
16251.066563 85.592 -17.8165
16368.828491 84.795 -13.8561
16487.443769 84.046 -9.3975
16606.918584 83.353 -4.5195
16727.259161 82.722 0.6923
16848.471777 82.157 6.1752
16970.562748 81.660 11.9366
17093.538442 81.240 18.1008
17217.405268 80.926 24.9243
17342.169684 80.770 32.7299
17467.838194 80.850 41.6658
17594.417350 81.232 51.2608
17721.913751 81.917 60.1539
17850.334044 82.808 66.6830
17979.684923 83.754 69.9340
18109.973131 84.607 70.0533
18241.205462 85.265 67.8314
18373.388756 85.686 64.2126
18506.529905 85.870 59.9917
18640.635849 85.845 55.7058
18775.713581 85.647 51.6567
18911.770141 85.311 47.9784
19048.812624 84.867 44.7031
19186.848172 84.336 41.8159
19325.883983 83.733 39.2955
19465.927305 83.078 37.1404
19606.985439 82.401 35.3726
19749.065738 81.759 34.0267
19892.175609 81.239 33.1298
20036.322514 80.944 32.6866
