* Measurement data measured by REW V5.31.3
* Source: Headset (2- CX31993 HIFI AUDIO), MICROPHONE (Master Volume), R, volume: 0.500
* Format: 256k Log Swept Sine, 1 sweep at -11.9 dBFS with no timing reference
* Dated: 09 2, 25 3:47:19 PM
* REW Settings:
*  C-weighting compensation: Off
*  Target level: 75.0 dB
* Note: ; 
* Measurement: MD Blessing2 A2 LDF L
* Smoothing: 1/12 octave
* Frequency Step: 96 ppo
* Start Frequency: 0.36621094 Hz
*
* Freq(Hz) SPL(dB) Phase(degrees)
0.366211 53.735 -11.1267
0.368865 53.731 -11.1357
0.371538 53.725 -11.1491
0.374230 53.718 -11.1660
0.376942 53.710 -11.1854
0.379673 53.701 -11.2068
0.382424 53.692 -11.2298
0.385196 53.682 -11.2540
0.387987 53.672 -11.2794
0.390798 53.663 -11.3058
0.393630 53.653 -11.3333
0.396483 53.643 -11.3617
0.399356 53.633 -11.3912
0.402250 53.623 -11.4217
0.405165 53.612 -11.4531
0.408101 53.602 -11.4856
0.411058 53.592 -11.5191
0.414037 53.581 -11.5537
0.417037 53.571 -11.5892
0.420059 53.560 -11.6258
0.423103 53.549 -11.6635
0.426169 53.539 -11.7022
0.429257 53.528 -11.7419
0.432368 53.517 -11.7827
0.435501 53.506 -11.8246
0.438656 53.495 -11.8676
0.441835 53.484 -11.9116
0.445037 53.473 -11.9567
0.448262 53.461 -12.0029
0.451510 53.450 -12.0502
0.454782 53.438 -12.0986
0.458077 53.427 -12.1481
0.461397 53.415 -12.1987
0.464740 53.404 -12.2504
0.468108 53.392 -12.3031
0.471500 53.380 -12.3570
0.474917 53.368 -12.4120
0.478358 53.356 -12.4681
0.481825 53.344 -12.5252
0.485316 53.331 -12.5835
0.488833 53.319 -12.6429
0.492375 53.307 -12.7033
0.495943 53.294 -12.7649
0.499537 53.282 -12.8275
0.503157 53.269 -12.8912
0.506803 53.256 -12.9559
0.510475 53.243 -13.0217
0.514175 53.230 -13.0886
0.517900 53.217 -13.1565
0.521653 53.204 -13.2254
0.525434 53.191 -13.2954
0.529241 53.178 -13.3663
0.533076 53.164 -13.4383
0.536939 53.151 -13.5111
0.540830 53.137 -13.5850
0.544749 53.123 -13.6598
0.548696 53.109 -13.7355
0.552673 53.095 -13.8120
0.556677 53.081 -13.8895
0.560711 53.067 -13.9678
0.564774 53.053 -14.0469
0.568867 53.039 -14.1267
0.572989 53.024 -14.2074
0.577141 53.010 -14.2887
0.581324 52.995 -14.3707
0.585536 52.980 -14.4533
0.589779 52.965 -14.5366
0.594053 52.950 -14.6204
0.598358 52.935 -14.7047
0.602694 52.920 -14.7895
0.607061 52.905 -14.8746
0.611460 52.889 -14.9602
0.615891 52.874 -15.0460
0.620354 52.858 -15.1320
0.624849 52.843 -15.2183
0.629377 52.827 -15.3046
0.633938 52.811 -15.3910
0.638532 52.795 -15.4773
0.643159 52.778 -15.5635
0.647819 52.762 -15.6495
0.652514 52.746 -15.7352
0.657242 52.729 -15.8205
0.662005 52.712 -15.9053
0.666802 52.696 -15.9896
0.671634 52.679 -16.0732
0.676501 52.662 -16.1560
0.681403 52.644 -16.2378
0.686341 52.627 -16.3187
0.691314 52.610 -16.3984
0.696324 52.592 -16.4769
0.701370 52.574 -16.5539
0.706452 52.556 -16.6295
0.711571 52.538 -16.7035
0.716728 52.520 -16.7758
0.721921 52.502 -16.8465
0.727153 52.483 -16.9157
0.732422 52.464 -16.9834
0.737729 52.444 -17.0500
0.743075 52.424 -17.1157
0.748460 52.403 -17.1808
0.753883 52.381 -17.2453
0.759346 52.359 -17.3096
0.764849 52.337 -17.3735
0.770391 52.314 -17.4372
0.775974 52.291 -17.5006
0.781597 52.267 -17.5639
0.787261 52.243 -17.6268
0.792966 52.218 -17.6895
0.798712 52.193 -17.7519
0.804500 52.167 -17.8141
0.810329 52.141 -17.8759
0.816201 52.115 -17.9374
0.822116 52.088 -17.9985
0.828073 52.061 -18.0592
0.834074 52.034 -18.1196
0.840118 52.006 -18.1795
0.846206 51.978 -18.2389
0.852338 51.949 -18.2978
0.858514 51.921 -18.3562
0.864735 51.892 -18.4140
0.871001 51.863 -18.4713
0.877313 51.834 -18.5278
0.883670 51.804 -18.5837
0.890074 51.775 -18.6389
0.896524 51.745 -18.6932
0.903020 51.716 -18.7468
0.909564 51.686 -18.7994
0.916155 51.656 -18.8512
0.922794 51.627 -18.9019
0.929481 51.597 -18.9516
0.936216 51.568 -19.0001
0.943000 51.538 -19.0475
0.949834 51.509 -19.0936
0.956717 51.480 -19.1384
0.963649 51.452 -19.1818
0.970632 51.423 -19.2237
0.977666 51.395 -19.2640
0.984750 51.368 -19.3027
0.991886 51.341 -19.3397
0.999074 51.314 -19.3748
1.006314 51.288 -19.4081
1.013606 51.263 -19.4393
1.020951 51.238 -19.4684
1.028349 51.215 -19.4952
1.035801 51.192 -19.5197
1.043307 51.169 -19.5417
1.050867 51.148 -19.5611
1.058482 51.128 -19.5777
1.066152 51.109 -19.5913
1.073878 51.090 -19.6015
1.081660 51.073 -19.6079
1.089498 51.057 -19.6099
1.097393 51.042 -19.6067
1.105345 51.028 -19.5975
1.113355 51.015 -19.5812
1.121423 51.002 -19.5574
1.129549 50.989 -19.5254
1.137734 50.978 -19.4852
1.145979 50.966 -19.4368
1.154283 50.956 -19.3803
1.162647 50.946 -19.3159
1.171072 50.936 -19.2440
1.179558 50.927 -19.1649
1.188106 50.919 -19.0790
1.196715 50.911 -18.9869
1.205387 50.904 -18.8889
1.214122 50.898 -18.7856
1.222920 50.893 -18.6775
1.231782 50.889 -18.5653
1.240708 50.886 -18.4495
1.249699 50.884 -18.3308
1.258754 50.883 -18.2099
1.267876 50.883 -18.0876
1.277063 50.884 -17.9645
1.286318 50.887 -17.8415
1.295639 50.891 -17.7193
1.305027 50.897 -17.5990
1.314484 50.904 -17.4813
1.324009 50.913 -17.3672
1.333604 50.923 -17.2577
1.343268 50.935 -17.1537
1.353002 50.949 -17.0563
1.362806 50.965 -16.9665
1.372681 50.983 -16.8853
1.382628 51.003 -16.8137
1.392647 51.026 -16.7529
1.402739 51.050 -16.7037
1.412904 51.077 -16.6668
1.423142 51.107 -16.6429
1.433455 51.139 -16.6321
1.443843 51.175 -16.6338
1.454305 51.213 -16.6468
1.464844 51.254 -16.6690
1.475459 51.298 -16.6977
1.486150 51.345 -16.7301
1.496920 51.396 -16.7644
1.507767 51.450 -16.7993
1.518693 51.507 -16.8347
1.529698 51.567 -16.8708
1.540783 51.631 -16.9085
1.551948 51.698 -16.9488
1.563194 51.768 -16.9928
1.574521 51.841 -17.0420
1.585931 51.917 -17.0977
1.597423 51.996 -17.1613
1.608999 52.078 -17.2342
1.620658 52.163 -17.3179
1.632402 52.251 -17.4136
1.644232 52.341 -17.5229
1.656146 52.434 -17.6472
1.668147 52.530 -17.7878
1.680235 52.628 -17.9461
1.692411 52.728 -18.1234
1.704675 52.831 -18.3211
1.717028 52.936 -18.5403
1.729470 53.042 -18.7824
1.742003 53.151 -19.0482
1.754626 53.261 -19.3389
1.767341 53.373 -19.6550
1.780147 53.487 -19.9968
1.793047 53.602 -20.3640
1.806040 53.720 -20.7554
1.819128 53.839 -21.1688
1.832310 53.960 -21.6010
1.845587 54.083 -22.0479
1.858961 54.210 -22.5058
1.872432 54.339 -22.9720
1.886001 54.471 -23.4447
1.899667 54.607 -23.9232
1.913433 54.745 -24.4076
1.927299 54.887 -24.8986
1.941265 55.032 -25.3971
1.955332 55.179 -25.9040
1.969501 55.330 -26.4207
1.983773 55.483 -26.9484
1.998148 55.638 -27.4882
2.012627 55.796 -28.0416
2.027212 55.956 -28.6096
2.041902 56.118 -29.1935
2.056698 56.282 -29.7946
2.071602 56.448 -30.4140
2.086614 56.615 -31.0527
2.101734 56.783 -31.7118
2.116964 56.953 -32.3919
2.132304 57.124 -33.0935
2.147756 57.296 -33.8165
2.163320 57.468 -34.5602
2.178996 57.642 -35.3227
2.194786 57.817 -36.1014
2.210690 57.993 -36.8924
2.226710 58.170 -37.6921
2.242845 58.350 -38.4972
2.259098 58.531 -39.3056
2.275468 58.714 -40.1162
2.291957 58.900 -40.9286
2.308566 59.087 -41.7430
2.325295 59.275 -42.5599
2.342145 59.466 -43.3802
2.359117 59.658 -44.2048
2.376212 59.851 -45.0349
2.393431 60.046 -45.8715
2.410775 60.242 -46.7157
2.428244 60.439 -47.5687
2.445840 60.637 -48.4317
2.463564 60.835 -49.3055
2.481416 61.035 -50.1912
2.499397 61.234 -51.0891
2.517509 61.435 -51.9993
2.535752 61.635 -52.9211
2.554127 61.836 -53.8530
2.572635 62.038 -54.7926
2.591277 62.240 -55.7372
2.610055 62.443 -56.6841
2.628968 62.647 -57.6313
2.648019 62.851 -58.5777
2.667208 63.057 -59.5226
2.686535 63.263 -60.4662
2.706003 63.470 -61.4088
2.725612 63.678 -62.3509
2.745363 63.886 -63.2933
2.765257 64.094 -64.2371
2.785295 64.303 -65.1832
2.805478 64.512 -66.1326
2.825808 64.721 -67.0864
2.846285 64.930 -68.0454
2.866910 65.139 -69.0102
2.887685 65.348 -69.9812
2.908611 65.557 -70.9578
2.929688 65.766 -71.9393
2.950917 65.975 -72.9241
2.972301 66.183 -73.9103
2.993839 66.392 -74.8966
3.015534 66.600 -75.8817
3.037386 66.808 -76.8651
3.059396 67.017 -77.8466
3.081565 67.225 -78.8262
3.103896 67.433 -79.8045
3.126388 67.640 -80.7819
3.149043 67.848 -81.7593
3.171862 68.055 -82.7374
3.194847 68.261 -83.7169
3.217998 68.468 -84.6989
3.241317 68.673 -85.6837
3.264805 68.879 -86.6719
3.288463 69.084 -87.6631
3.312293 69.288 -88.6570
3.336295 69.491 -89.6527
3.360471 69.694 -90.6490
3.384822 69.897 -91.6452
3.409350 70.098 -92.6407
3.434056 70.299 -93.6349
3.458940 70.499 -94.6278
3.484005 70.699 -95.6195
3.509252 70.898 -96.6102
3.534681 71.096 -97.6002
3.560295 71.294 -98.5902
3.586094 71.490 -99.5807
3.612081 71.687 -100.5723
3.638255 71.882 -101.5654
3.664620 72.076 -102.5602
3.691175 72.270 -103.5566
3.717923 72.462 -104.5543
3.744864 72.654 -105.5528
3.772001 72.845 -106.5513
3.799335 73.034 -107.5496
3.826866 73.223 -108.5470
3.854597 73.410 -109.5435
3.882529 73.597 -110.5389
3.910664 73.783 -111.5333
3.939002 73.968 -112.5271
3.967546 74.152 -113.5206
3.996296 74.335 -114.5144
4.025255 74.517 -115.5089
4.054423 74.698 -116.5045
4.083804 74.877 -117.5012
4.113396 75.056 -118.4989
4.143204 75.233 -119.4971
4.173227 75.410 -120.4952
4.203468 75.585 -121.4927
4.233928 75.759 -122.4893
4.264609 75.931 -123.4846
4.295512 76.103 -124.4786
4.326639 76.274 -125.4715
4.357992 76.444 -126.4636
4.389572 76.612 -127.4555
4.421380 76.779 -128.4477
4.453419 76.946 -129.4406
4.485691 77.110 -130.4341
4.518196 77.274 -131.4280
4.550936 77.436 -132.4217
4.583914 77.597 -133.4145
4.617131 77.757 -134.4060
4.650589 77.916 -135.3958
4.684289 78.073 -136.3838
4.718233 78.230 -137.3702
4.752424 78.385 -138.3554
4.786862 78.539 -139.3400
4.821549 78.691 -140.3246
4.856488 78.842 -141.3091
4.891680 78.992 -142.2935
4.927127 79.141 -143.2771
4.962831 79.289 -144.2594
4.998794 79.435 -145.2397
5.035017 79.580 -146.2177
5.071503 79.724 -147.1932
5.108253 79.866 -148.1665
5.145270 80.007 -149.1381
5.182555 80.147 -150.1086
5.220110 80.286 -151.0782
5.257937 80.424 -152.0468
5.296038 80.560 -153.0139
5.334415 80.695 -153.9790
5.373071 80.829 -154.9415
5.412006 80.961 -155.9009
5.451224 81.092 -156.8571
5.490725 81.223 -157.8103
5.530514 81.352 -158.7611
5.570590 81.479 -159.7098
5.610957 81.606 -160.6565
5.651616 81.731 -161.6011
5.692570 81.856 -162.5430
5.733821 81.979 -163.4817
5.775370 82.101 -164.4167
5.817221 82.222 -165.3479
5.859375 82.341 -166.2753
5.901834 82.460 -167.1994
5.944602 82.578 -168.1205
5.987679 82.695 -169.0386
6.031068 82.810 -169.9536
6.074771 82.925 -170.8652
6.118792 83.039 -171.7730
6.163131 83.152 -172.6767
6.207792 83.264 -173.5763
6.252776 83.375 -174.4719
6.298086 83.485 -175.3638
6.343725 83.595 -176.2523
6.389694 83.704 -177.1375
6.435996 83.812 -178.0191
6.482634 83.919 -178.8970
6.529610 84.025 -179.7711
6.576926 84.131 179.3585
6.624585 84.237 178.4919
6.672590 84.341 177.6286
6.720942 84.446 176.7685
6.769645 84.549 175.9114
6.818700 84.652 175.0573
6.868111 84.754 174.2062
6.917881 84.856 173.3580
6.968010 84.958 172.5126
7.018504 85.059 171.6697
7.069362 85.160 170.8291
7.120590 85.260 169.9907
7.172189 85.360 169.1543
7.224161 85.459 168.3198
7.276511 85.558 167.4870
7.329239 85.656 166.6559
7.382350 85.754 165.8260
7.435845 85.852 164.9975
7.489729 85.949 164.1700
7.544002 86.046 163.3436
7.598669 86.142 162.5181
7.653732 86.238 161.6934
7.709194 86.333 160.8695
7.765058 86.428 160.0462
7.821327 86.522 159.2234
7.878004 86.615 158.4011
7.935091 86.709 157.5794
7.992592 86.801 156.7584
8.050510 86.893 155.9381
8.108847 86.984 155.1184
8.167607 87.075 154.2993
8.226793 87.165 153.4809
8.286408 87.254 152.6633
8.346454 87.343 151.8467
8.406936 87.431 151.0313
8.467856 87.519 150.2170
8.529218 87.605 149.4040
8.591024 87.691 148.5922
8.653278 87.777 147.7817
8.715983 87.862 146.9729
8.779143 87.946 146.1658
8.842760 88.029 145.3604
8.906839 88.112 144.5566
8.971381 88.195 143.7547
9.036392 88.276 142.9545
9.101873 88.358 142.1561
9.167829 88.438 141.3595
9.234263 88.518 140.5647
9.301178 88.598 139.7715
9.368578 88.677 138.9800
9.436467 88.756 138.1900
9.504847 88.834 137.4016
9.573723 88.911 136.6144
9.643099 88.989 135.8286
9.712976 89.065 135.0439
9.783361 89.141 134.2605
9.854255 89.217 133.4781
9.925663 89.292 132.6967
9.997588 89.366 131.9163
10.070035 89.440 131.1369
10.143007 89.513 130.3586
10.216507 89.586 129.5814
10.290540 89.658 128.8054
10.365109 89.729 128.0306
10.440219 89.800 127.2573
10.515873 89.870 126.4855
10.592076 89.939 125.7155
10.668830 90.007 124.9475
10.746141 90.075 124.1816
10.824012 90.142 123.4179
10.902447 90.208 122.6566
10.981451 90.274 121.8979
11.061027 90.339 121.1419
11.141180 90.403 120.3885
11.221913 90.467 119.6379
11.303232 90.531 118.8899
11.385140 90.593 118.1445
11.467641 90.656 117.4016
11.550741 90.718 116.6609
11.634442 90.780 115.9222
11.718750 90.841 115.1852
11.803669 90.902 114.4496
11.889203 90.962 113.7152
11.975357 91.022 112.9816
12.062136 91.081 112.2485
12.149543 91.140 111.5158
12.237583 91.199 110.7832
12.326262 91.256 110.0506
12.415583 91.313 109.3181
12.505552 91.370 108.5856
12.596172 91.425 107.8533
12.687449 91.479 107.1215
12.779387 91.533 106.3906
12.871992 91.585 105.6611
12.965268 91.636 104.9333
13.059220 91.686 104.2081
13.153852 91.735 103.4860
13.249170 91.783 102.7676
13.345179 91.830 102.0535
13.441884 91.876 101.3445
13.539289 91.921 100.6408
13.637401 91.965 99.9431
13.736223 92.008 99.2516
13.835761 92.051 98.5665
13.936021 92.093 97.8877
14.037007 92.135 97.2152
14.138725 92.176 96.5487
14.241180 92.218 95.8877
14.344377 92.259 95.2318
14.448323 92.301 94.5803
14.553021 92.342 93.9324
14.658478 92.384 93.2875
14.764700 92.426 92.6448
14.871691 92.467 92.0035
14.979457 92.509 91.3629
15.088005 92.551 90.7225
15.197339 92.593 90.0816
15.307465 92.634 89.4400
15.418389 92.675 88.7974
15.530117 92.715 88.1535
15.642655 92.755 87.5085
15.756008 92.795 86.8625
15.870182 92.833 86.2156
15.985184 92.871 85.5685
16.101019 92.907 84.9215
16.217694 92.942 84.2754
16.335214 92.977 83.6309
16.453586 93.010 82.9888
16.572815 93.042 82.3500
16.692909 93.073 81.7155
16.813872 93.102 81.0862
16.935713 93.131 80.4630
17.058436 93.158 79.8466
17.182048 93.185 79.2378
17.306556 93.212 78.6371
17.431967 93.237 78.0446
17.558286 93.263 77.4601
17.685521 93.289 76.8835
17.813677 93.315 76.3140
17.942762 93.341 75.7503
18.072783 93.367 75.1914
18.203746 93.395 74.6357
18.335658 93.422 74.0818
18.468526 93.450 73.5280
18.602356 93.478 72.9732
18.737156 93.507 72.4163
18.872934 93.535 71.8569
19.009695 93.562 71.2950
19.147447 93.589 70.7308
19.286197 93.615 70.1655
19.425953 93.640 69.6003
19.566721 93.664 69.0367
19.708510 93.687 68.4763
19.851326 93.709 67.9205
19.995177 93.730 67.3703
20.140070 93.750 66.8260
20.286013 93.771 66.2876
20.433014 93.792 65.7540
20.581080 93.813 65.2236
20.730219 93.834 64.6945
20.880439 93.856 64.1645
21.031747 93.878 63.6313
21.184152 93.900 63.0935
21.337661 93.921 62.5499
21.492282 93.942 62.0007
21.648024 93.961 61.4470
21.804895 93.978 60.8908
21.962902 93.993 60.3352
22.122054 94.006 59.7836
22.282360 94.017 59.2396
22.443827 94.027 58.7065
22.606464 94.035 58.1864
22.770280 94.043 57.6805
22.935283 94.051 57.1884
23.101481 94.060 56.7082
23.268884 94.070 56.2367
23.437500 94.082 55.7698
23.607338 94.095 55.3029
23.778406 94.109 54.8321
23.950714 94.125 54.3539
24.124271 94.140 53.8667
24.299086 94.154 53.3705
24.475167 94.168 52.8669
24.652524 94.179 52.3592
24.831166 94.187 51.8519
25.011103 94.194 51.3499
25.192344 94.198 50.8578
25.374898 94.201 50.3793
25.558775 94.203 49.9169
25.743984 94.205 49.4709
25.930536 94.208 49.0401
26.118439 94.213 48.6213
26.307704 94.219 48.2101
26.498341 94.228 47.8016
26.690359 94.239 47.3904
26.883768 94.251 46.9723
27.078579 94.264 46.5438
27.274801 94.277 46.1031
27.472446 94.290 45.6501
27.671522 94.302 45.1862
27.872042 94.311 44.7142
28.074014 94.318 44.2382
28.277450 94.323 43.7628
28.482360 94.325 43.2929
28.688755 94.324 42.8334
28.896645 94.322 42.3882
29.106042 94.319 41.9604
29.316957 94.315 41.5514
29.529400 94.312 41.1610
29.743382 94.311 40.7873
29.958915 94.311 40.4262
30.176009 94.314 40.0725
30.394677 94.320 39.7200
30.614929 94.328 39.3626
30.836778 94.338 38.9949
31.060234 94.349 38.6132
31.285309 94.360 38.2161
31.512015 94.369 37.8049
31.740364 94.377 37.3832
31.970368 94.382 36.9566
32.202039 94.383 36.5319
32.435388 94.383 36.1154
32.670428 94.379 35.7129
32.907171 94.375 35.3279
33.145630 94.370 34.9617
33.385817 94.365 34.6134
33.627745 94.362 34.2799
33.871425 94.360 33.9572
34.116871 94.360 33.6407
34.364096 94.361 33.3261
34.613113 94.364 33.0097
34.863934 94.368 32.6888
35.116572 94.372 32.3609
35.371041 94.377 32.0245
35.627354 94.382 31.6785
35.885525 94.386 31.3226
36.145566 94.388 30.9578
36.407492 94.389 30.5863
36.671316 94.388 30.2116
36.937051 94.384 29.8380
37.204712 94.378 29.4701
37.474313 94.371 29.1111
37.745867 94.362 28.7627
38.019389 94.354 28.4244
38.294893 94.345 28.0941
38.572394 94.338 27.7688
38.851905 94.330 27.4458
39.133442 94.323 27.1235
39.417019 94.316 26.8021
39.702651 94.309 26.4829
39.990353 94.301 26.1678
40.280140 94.293 25.8588
40.572026 94.285 25.5569
40.866028 94.278 25.2624
41.162160 94.272 24.9750
41.460438 94.267 24.6936
41.760877 94.263 24.4163
42.063494 94.261 24.1400
42.368303 94.260 23.8616
42.675322 94.260 23.5775
42.984565 94.260 23.2859
43.296048 94.260 22.9874
43.609789 94.259 22.6851
43.925804 94.257 22.3833
44.244108 94.253 22.0862
44.564719 94.249 21.7950
44.887654 94.245 21.5081
45.212928 94.241 21.2214
45.540560 94.237 20.9315
45.870565 94.231 20.6377
46.202962 94.224 20.3434
46.537768 94.215 20.0541
46.875000 94.204 19.7748
47.214676 94.192 19.5076
47.556813 94.181 19.2500
47.901429 94.170 18.9971
48.248542 94.160 18.7443
48.598171 94.150 18.4893
48.950334 94.139 18.2328
49.305048 94.128 17.9767
49.662333 94.116 17.7223
50.022206 94.105 17.4698
50.384688 94.093 17.2192
50.749796 94.081 16.9707
51.117550 94.068 16.7262
51.487969 94.056 16.4872
51.861072 94.045 16.2533
52.236879 94.036 16.0214
52.615409 94.027 15.7861
52.996681 94.020 15.5428
53.380717 94.013 15.2900
53.767536 94.005 15.0297
54.157158 93.996 14.7664
54.549603 93.986 14.5051
54.944892 93.976 14.2493
55.343045 93.965 14.0001
55.744084 93.954 13.7567
56.148028 93.944 13.5170
56.554900 93.934 13.2788
56.964720 93.924 13.0413
57.377510 93.914 12.8052
57.793291 93.902 12.5735
58.212085 93.890 12.3501
58.633914 93.878 12.1370
59.058799 93.866 11.9331
59.486764 93.855 11.7352
59.917829 93.844 11.5392
60.352019 93.834 11.3434
60.789354 93.822 11.1483
61.229859 93.810 10.9568
61.673556 93.797 10.7708
62.120468 93.784 10.5909
62.570618 93.771 10.4166
63.024031 93.758 10.2463
63.480729 93.744 10.0787
63.940736 93.732 9.9121
64.404077 93.719 9.7445
64.870776 93.706 9.5746
65.340856 93.694 9.4016
65.814343 93.681 9.2258
66.291261 93.668 9.0480
66.771635 93.655 8.8686
67.255489 93.641 8.6884
67.742850 93.628 8.5084
68.233743 93.614 8.3297
68.728193 93.601 8.1526
69.226226 93.588 7.9774
69.727867 93.575 7.8038
70.233144 93.562 7.6326
70.742083 93.549 7.4653
71.254709 93.535 7.3033
71.771050 93.522 7.1472
72.291132 93.509 6.9958
72.814984 93.497 6.8480
73.342631 93.484 6.7030
73.874102 93.470 6.5607
74.409424 93.457 6.4211
74.948626 93.443 6.2836
75.491734 93.428 6.1467
76.038779 93.413 6.0106
76.589787 93.398 5.8774
77.144788 93.382 5.7496
77.703811 93.367 5.6270
78.266885 93.354 5.5051
78.834039 93.341 5.3782
79.405303 93.330 5.2415
79.980706 93.319 5.0938
80.560280 93.307 4.9376
81.144053 93.294 4.7788
81.732056 93.278 4.6266
82.324320 93.262 4.4891
82.920876 93.247 4.3678
83.521755 93.233 4.2555
84.126988 93.220 4.1411
84.736607 93.209 4.0174
85.350643 93.196 3.8845
85.969129 93.182 3.7488
86.592097 93.167 3.6168
87.219579 93.151 3.4922
87.851608 93.135 3.3754
88.488217 93.119 3.2645
89.129439 93.105 3.1570
89.775308 93.090 3.0505
90.425856 93.077 2.9438
91.081119 93.063 2.8373
91.741131 93.049 2.7319
92.405925 93.034 2.6279
93.075536 93.019 2.5255
93.750000 93.003 2.4248
94.429351 92.987 2.3260
95.113625 92.970 2.2295
95.802858 92.952 2.1362
96.497085 92.935 2.0477
97.196342 92.919 1.9637
97.900667 92.904 1.8810
98.610096 92.891 1.7952
99.324665 92.878 1.7043
100.044413 92.866 1.6105
100.769376 92.854 1.5173
101.499592 92.842 1.4273
102.235100 92.829 1.3413
102.975938 92.816 1.2585
103.722144 92.803 1.1780
104.473757 92.790 1.0994
105.230817 92.775 1.0228
105.993363 92.761 0.9485
106.761435 92.745 0.8751
107.535072 92.730 0.8021
108.314315 92.715 0.7299
109.099206 92.699 0.6603
109.889783 92.682 0.5945
110.686090 92.666 0.5320
111.488167 92.650 0.4716
112.296056 92.633 0.4119
113.109800 92.616 0.3513
113.929440 92.598 0.2892
114.755020 92.580 0.2252
115.586582 92.562 0.1602
116.424170 92.544 0.0958
117.267827 92.528 0.0325
118.117598 92.513 -0.0299
118.973527 92.499 -0.0900
119.835658 92.487 -0.1440
120.704037 92.476 -0.1897
121.578708 92.467 -0.2281
122.459718 92.457 -0.2625
123.347111 92.447 -0.2947
124.240935 92.436 -0.3264
125.141236 92.423 -0.3586
126.048061 92.408 -0.3928
126.961458 92.392 -0.4305
127.881473 92.375 -0.4722
128.808154 92.358 -0.5166
129.741551 92.342 -0.5612
130.681712 92.326 -0.6026
131.628686 92.311 -0.6370
132.582521 92.297 -0.6617
133.543269 92.283 -0.6764
134.510979 92.270 -0.6843
135.485701 92.258 -0.6919
136.467486 92.245 -0.7053
137.456386 92.232 -0.7275
138.452451 92.218 -0.7570
139.455735 92.203 -0.7902
140.466288 92.187 -0.8251
141.484165 92.171 -0.8619
142.509418 92.155 -0.9020
143.542100 92.139 -0.9462
144.582265 92.122 -0.9949
145.629968 92.106 -1.0470
146.685262 92.090 -1.0996
147.748204 92.074 -1.1470
148.818849 92.059 -1.1827
149.897251 92.045 -1.2028
150.983469 92.031 -1.2064
152.077557 92.017 -1.1957
153.179574 92.004 -1.1752
154.289576 91.990 -1.1510
155.407622 91.976 -1.1304
156.533770 91.963 -1.1206
157.668078 91.950 -1.1259
158.810606 91.936 -1.1436
159.961413 91.921 -1.1675
161.120559 91.906 -1.1912
162.288105 91.891 -1.2104
163.464112 91.875 -1.2232
164.648640 91.858 -1.2289
165.841752 91.842 -1.2272
167.043510 91.824 -1.2172
168.253976 91.806 -1.1995
169.473213 91.786 -1.1774
170.701286 91.765 -1.1554
171.938258 91.743 -1.1344
173.184194 91.721 -1.1102
174.439158 91.698 -1.0753
175.703216 91.678 -1.0243
176.976434 91.661 -0.9578
178.258878 91.647 -0.8807
179.550615 91.634 -0.7979
180.851713 91.622 -0.7124
182.162239 91.609 -0.6253
183.482262 91.594 -0.5354
184.811850 91.579 -0.4388
186.151073 91.563 -0.3300
187.500000 91.549 -0.2028
188.858702 91.538 -0.0532
190.227250 91.532 0.1183
191.605715 91.531 0.3068
192.994169 91.536 0.5033
194.392685 91.546 0.6973
195.801334 91.559 0.8774
197.220191 91.575 1.0335
198.649330 91.593 1.1547
200.088825 91.610 1.2319
201.538751 91.627 1.2614
202.999184 91.643 1.2452
204.470200 91.657 1.1917
205.951875 91.668 1.1129
207.444287 91.676 1.0203
208.947514 91.681 0.9215
210.461634 91.683 0.8210
211.986726 91.681 0.7210
213.522869 91.677 0.6219
215.070144 91.672 0.5245
216.628631 91.665 0.4318
218.198411 91.657 0.3499
219.779567 91.649 0.2839
221.372180 91.640 0.2351
222.976334 91.630 0.2007
224.592112 91.618 0.1764
226.219600 91.605 0.1584
227.858880 91.590 0.1444
229.510039 91.575 0.1326
231.173164 91.560 0.1230
232.848340 91.545 0.1178
234.535655 91.532 0.1194
236.235197 91.519 0.1285
237.947054 91.509 0.1443
239.671317 91.499 0.1664
241.408074 91.490 0.1942
243.157416 91.480 0.2242
244.919435 91.470 0.2513
246.694223 91.460 0.2723
248.481871 91.448 0.2908
250.282473 91.434 0.3176
252.096123 91.420 0.3625
253.922915 91.407 0.4250
255.762945 91.394 0.4971
257.616309 91.381 0.5699
259.483103 91.368 0.6371
261.363424 91.357 0.6968
263.257372 91.346 0.7505
265.165043 91.337 0.7966
267.086538 91.328 0.8324
269.021957 91.317 0.8612
270.971401 91.306 0.8925
272.934972 91.293 0.9340
274.912771 91.281 0.9849
276.904902 91.270 1.0377
278.911469 91.260 1.0886
280.932577 91.252 1.1396
282.968330 91.246 1.1930
285.018835 91.242 1.2474
287.084199 91.238 1.3037
289.164530 91.234 1.3683
291.259935 91.227 1.4514
293.370525 91.217 1.5576
295.496408 91.205 1.6762
297.637697 91.194 1.7854
299.794503 91.183 1.8695
301.966937 91.174 1.9265
304.155114 91.165 1.9625
306.359147 91.157 1.9874
308.579152 91.148 2.0120
310.815244 91.139 2.0428
313.067539 91.128 2.0812
315.336156 91.118 2.1268
317.621211 91.106 2.1812
319.922826 91.095 2.2451
322.241118 91.085 2.3167
324.576210 91.075 2.3914
326.928223 91.067 2.4645
329.297280 91.058 2.5342
331.683504 91.050 2.6010
334.087019 91.041 2.6674
336.507952 91.031 2.7362
338.946427 91.021 2.8092
341.402572 91.011 2.8881
343.876516 91.001 2.9737
346.368387 90.991 3.0654
348.878315 90.982 3.1603
351.406431 90.973 3.2544
353.952867 90.966 3.3450
356.517756 90.959 3.4324
359.101230 90.952 3.5190
361.703426 90.946 3.6071
364.324478 90.939 3.6968
366.964523 90.932 3.7870
369.623699 90.926 3.8750
372.302145 90.919 3.9591
375.000000 90.912 4.0397
377.717405 90.904 4.1188
380.454501 90.896 4.1980
383.211431 90.888 4.2786
385.988339 90.880 4.3612
388.785369 90.871 4.4473
391.602668 90.862 4.5382
394.440383 90.854 4.6343
397.298660 90.845 4.7341
400.177650 90.835 4.8359
403.077502 90.826 4.9390
405.998368 90.817 5.0433
408.940400 90.808 5.1495
411.903750 90.800 5.2583
414.888575 90.792 5.3702
417.895028 90.784 5.4852
420.923268 90.777 5.6031
423.973452 90.769 5.7233
427.045738 90.762 5.8447
430.140287 90.755 5.9666
433.257261 90.747 6.0894
436.396822 90.739 6.2145
439.559133 90.730 6.3436
442.744360 90.722 6.4772
445.952668 90.714 6.6152
449.184225 90.706 6.7579
452.439199 90.698 6.9047
455.717760 90.692 7.0547
459.020079 90.686 7.2064
462.346327 90.681 7.3582
465.696680 90.677 7.5084
469.071310 90.674 7.6558
472.470394 90.671 7.7996
475.894109 90.669 7.9385
479.342634 90.667 8.0718
482.816148 90.665 8.1998
486.314833 90.663 8.3241
489.838871 90.660 8.4460
493.388445 90.657 8.5671
496.963741 90.653 8.6886
500.564945 90.648 8.8113
504.192245 90.643 8.9355
507.845830 90.637 9.0619
511.525890 90.630 9.1911
515.232618 90.623 9.3237
518.966206 90.616 9.4602
522.726849 90.609 9.6005
526.514743 90.602 9.7449
530.330086 90.595 9.8931
534.173076 90.588 10.0452
538.043915 90.581 10.2007
541.942803 90.574 10.3593
545.869944 90.567 10.5206
549.825542 90.561 10.6845
553.809805 90.554 10.8510
557.822939 90.547 11.0203
561.865154 90.541 11.1926
565.936660 90.535 11.3680
570.037671 90.529 11.5465
574.168399 90.523 11.7280
578.329060 90.518 11.9125
582.519870 90.512 12.0995
586.741049 90.507 12.2894
590.992817 90.501 12.4822
595.275394 90.496 12.6780
599.589005 90.491 12.8769
603.933874 90.486 13.0792
608.310228 90.481 13.2854
612.718295 90.476 13.4954
617.158304 90.472 13.7090
621.630488 90.468 13.9263
626.135079 90.464 14.1476
630.672311 90.460 14.3734
635.242423 90.457 14.6028
639.845651 90.453 14.8348
644.482237 90.450 15.0686
649.152421 90.448 15.3038
653.856447 90.446 15.5412
658.594560 90.444 15.7818
663.367008 90.443 16.0265
668.174039 90.441 16.2756
673.015903 90.440 16.5292
677.892854 90.440 16.7875
682.805145 90.439 17.0504
687.753032 90.439 17.3177
692.736774 90.439 17.5892
697.756631 90.440 17.8640
702.812863 90.441 18.1408
707.905735 90.443 18.4193
713.035511 90.445 18.7001
718.202461 90.447 18.9850
723.406852 90.451 19.2750
728.648956 90.454 19.5709
733.929047 90.458 19.8718
739.247399 90.464 20.1771
744.604290 90.470 20.4865
750.000000 90.477 20.7999
755.434809 90.485 21.1169
760.909001 90.494 21.4380
766.422861 90.505 21.7633
771.976677 90.516 22.0925
777.570739 90.527 22.4252
783.205337 90.540 22.7610
788.880766 90.552 23.1000
794.597321 90.566 23.4421
800.355301 90.581 23.7875
806.155005 90.597 24.1360
811.996736 90.614 24.4873
817.880799 90.632 24.8407
823.807501 90.652 25.1951
829.777150 90.673 25.5500
835.790057 90.695 25.9056
841.846536 90.718 26.2616
847.946903 90.743 26.6180
854.091476 90.769 26.9755
860.280575 90.797 27.3344
866.514523 90.826 27.6946
872.793644 90.856 28.0555
879.118267 90.888 28.4157
885.488720 90.921 28.7744
891.905336 90.955 29.1313
898.368450 90.991 29.4865
904.878398 91.027 29.8401
911.435520 91.066 30.1920
918.040157 91.106 30.5420
924.692655 91.147 30.8901
931.393359 91.190 31.2359
938.142619 91.234 31.5784
944.940787 91.280 31.9168
951.788218 91.328 32.2500
958.685268 91.376 32.5769
965.632296 91.426 32.8970
972.629666 91.478 33.2100
979.677741 91.530 33.5159
986.776890 91.584 33.8143
993.927482 91.639 34.1047
1001.129891 91.696 34.3865
1008.384491 91.753 34.6592
1015.691660 91.811 34.9228
1023.051781 91.870 35.1770
1030.465236 91.930 35.4218
1037.932411 91.991 35.6569
1045.453698 92.052 35.8823
1053.029486 92.114 36.0977
1060.660172 92.176 36.3030
1068.346153 92.239 36.4983
1076.087829 92.302 36.6835
1083.885605 92.366 36.8587
1091.739887 92.429 37.0238
1099.651084 92.493 37.1789
1107.619609 92.556 37.3242
1115.645878 92.620 37.4601
1123.730308 92.683 37.5872
1131.873321 92.746 37.7059
1140.075341 92.809 37.8162
1148.336797 92.871 37.9183
1156.658119 92.933 38.0121
1165.039741 92.994 38.0977
1173.482099 93.056 38.1757
1181.985634 93.116 38.2466
1190.550789 93.177 38.3117
1199.178011 93.237 38.3715
1207.867749 93.297 38.4262
1216.620457 93.356 38.4759
1225.436590 93.415 38.5203
1234.316609 93.473 38.5596
1243.260976 93.530 38.5938
1252.270157 93.588 38.6232
1261.344623 93.644 38.6478
1270.484846 93.700 38.6679
1279.691303 93.756 38.6838
1288.964474 93.811 38.6960
1298.304842 93.866 38.7054
1307.712894 93.920 38.7124
1317.189120 93.974 38.7173
1326.734016 94.028 38.7200
1336.348077 94.081 38.7205
1346.031806 94.134 38.7183
1355.785708 94.186 38.7132
1365.610290 94.238 38.7051
1375.506065 94.289 38.6941
1385.473549 94.340 38.6801
1395.513261 94.390 38.6634
1405.625726 94.440 38.6440
1415.811469 94.490 38.6222
1426.071023 94.539 38.5984
1436.404921 94.588 38.5730
1446.813703 94.636 38.5461
1457.297912 94.684 38.5180
1467.858093 94.732 38.4885
1478.494798 94.779 38.4579
1489.208581 94.826 38.4266
1500.000000 94.872 38.3950
1510.869618 94.918 38.3633
1521.818002 94.963 38.3314
1532.845723 95.009 38.2994
1543.953355 95.054 38.2673
1555.141477 95.098 38.2353
1566.410674 95.143 38.2037
1577.761531 95.187 38.1728
1589.194642 95.231 38.1426
1600.710601 95.275 38.1135
1612.310010 95.318 38.0852
1623.993473 95.362 38.0579
1635.761599 95.405 38.0314
1647.615002 95.449 38.0058
1659.554299 95.492 37.9813
1671.580114 95.535 37.9580
1683.693072 95.579 37.9363
1695.893807 95.623 37.9160
1708.182952 95.667 37.8972
1720.561150 95.711 37.8800
1733.029045 95.756 37.8639
1745.587288 95.800 37.8486
1758.236533 95.846 37.8335
1770.977440 95.891 37.8183
1783.810673 95.937 37.8032
1796.736900 95.983 37.7882
1809.756796 96.030 37.7734
1822.871040 96.077 37.7587
1836.080315 96.125 37.7441
1849.385310 96.173 37.7291
1862.786718 96.222 37.7131
1876.285239 96.272 37.6956
1889.881575 96.322 37.6763
1903.576436 96.374 37.6550
1917.370535 96.426 37.6316
1931.264593 96.478 37.6061
1945.259332 96.532 37.5782
1959.355483 96.586 37.5475
1973.553781 96.641 37.5135
1987.854965 96.696 37.4758
2002.259781 96.752 37.4341
2016.768981 96.809 37.3879
2031.383320 96.867 37.3371
2046.103561 96.926 37.2812
2060.930471 96.985 37.2200
2075.864823 97.045 37.1530
2090.907395 97.106 37.0800
2106.058972 97.168 37.0005
2121.320344 97.230 36.9145
2136.692305 97.293 36.8213
2152.175658 97.357 36.7205
2167.771210 97.422 36.6115
2183.479774 97.487 36.4939
2199.302169 97.553 36.3671
2215.239219 97.619 36.2307
2231.291755 97.686 36.0844
2247.460615 97.754 35.9277
2263.746641 97.821 35.7605
2280.150683 97.890 35.5822
2296.673595 97.958 35.3922
2313.316238 98.027 35.1901
2330.079481 98.097 34.9755
2346.964198 98.166 34.7482
2363.971268 98.236 34.5077
2381.101578 98.306 34.2537
2398.356022 98.376 33.9854
2415.735498 98.445 33.7025
2433.240913 98.515 33.4046
2450.873180 98.584 33.0913
2468.633217 98.653 32.7624
2486.521951 98.721 32.4173
2504.540314 98.788 32.0559
2522.689246 98.855 31.6779
2540.969692 98.921 31.2831
2559.382606 98.986 30.8715
2577.928947 99.049 30.4429
2596.609683 99.112 29.9972
2615.425787 99.173 29.5343
2634.378241 99.232 29.0540
2653.468031 99.290 28.5564
2672.696154 99.346 28.0416
2692.063613 99.399 27.5096
2711.571415 99.450 26.9607
2731.220579 99.499 26.3954
2751.012130 99.546 25.8141
2770.947098 99.589 25.2175
2791.026522 99.630 24.6062
2811.251451 99.667 23.9805
2831.622938 99.701 23.3409
2852.142045 99.732 22.6881
2872.809842 99.759 22.0230
2893.627406 99.783 21.3469
2914.595823 99.802 20.6610
2935.716186 99.818 19.9665
2956.989596 99.829 19.2646
2978.417161 99.836 18.5566
3000.000000 99.838 17.8438
3021.739237 99.836 17.1276
3043.636005 99.830 16.4095
3065.691446 99.819 15.6913
3087.906710 99.803 14.9742
3110.282955 99.783 14.2603
3132.821347 99.758 13.5508
3155.523062 99.728 12.8477
3178.389283 99.694 12.1528
3201.421202 99.655 11.4681
3224.620020 99.612 10.7957
3247.986946 99.564 10.1376
3271.523198 99.512 9.4957
3295.230004 99.455 8.8721
3319.108599 99.395 8.2684
3343.160228 99.331 7.6866
3367.386145 99.264 7.1283
3391.787613 99.193 6.5950
3416.365904 99.120 6.0879
3441.122300 99.045 5.6076
3466.058091 98.968 5.1543
3491.174576 98.889 4.7277
3516.473066 98.809 4.3273
3541.954880 98.729 3.9523
3567.621345 98.648 3.6021
3593.473800 98.566 3.2754
3619.513592 98.484 2.9714
3645.742080 98.402 2.6891
3672.160630 98.320 2.4279
3698.770620 98.238 2.1870
3725.573436 98.157 1.9657
3752.570477 98.076 1.7632
3779.763150 97.995 1.5784
3807.152872 97.915 1.4100
3834.741071 97.836 1.2567
3862.529185 97.757 1.1169
3890.518664 97.679 0.9894
3918.710966 97.601 0.8733
3947.107561 97.523 0.7684
3975.709929 97.445 0.6747
4004.519563 97.367 0.5929
4033.537962 97.289 0.5239
4062.766641 97.211 0.4686
4092.207123 97.132 0.4280
4121.860942 97.054 0.4027
4151.729646 96.975 0.3933
4181.814790 96.897 0.3998
4212.117944 96.820 0.4221
4242.640687 96.742 0.4597
4273.384610 96.666 0.5117
4304.351317 96.590 0.5774
4335.542421 96.516 0.6559
4366.959549 96.442 0.7463
4398.604338 96.369 0.8478
4430.478438 96.296 0.9594
4462.583511 96.225 1.0806
4494.921231 96.154 1.2111
4527.493283 96.083 1.3511
4560.301365 96.013 1.5012
4593.347189 95.943 1.6627
4626.632476 95.874 1.8372
4660.158962 95.804 2.0267
4693.928395 95.736 2.2333
4727.942535 95.668 2.4583
4762.203156 95.601 2.7028
4796.712043 95.537 2.9661
4831.470996 95.475 3.2465
4866.481826 95.417 3.5409
4901.746360 95.361 3.8455
4937.266434 95.310 4.1554
4973.043902 95.261 4.4661
5009.080628 95.216 4.7732
5045.378492 95.174 5.0731
5081.939384 95.135 5.3630
5118.765212 95.097 5.6409
5155.857894 95.061 5.9058
5193.219366 95.026 6.1576
5230.851574 94.991 6.3969
5268.756481 94.955 6.6248
5306.936062 94.919 6.8434
5345.392309 94.881 7.0551
5384.127225 94.841 7.2631
5423.142830 94.800 7.4708
5462.441159 94.757 7.6822
5502.024259 94.711 7.9011
5541.894195 94.664 8.1313
5582.053045 94.614 8.3768
5622.502902 94.563 8.6407
5663.245876 94.510 8.9259
5704.284090 94.457 9.2349
5745.619684 94.403 9.5696
5787.254813 94.349 9.9314
5829.191647 94.296 10.3212
5871.432373 94.244 10.7396
5913.979192 94.193 11.1867
5956.834323 94.143 11.6622
6000.000000 94.096 12.1658
6043.478473 94.052 12.6967
6087.272010 94.011 13.2543
6131.382892 93.973 13.8378
6175.813420 93.939 14.4466
6220.565910 93.909 15.0797
6265.642695 93.883 15.7360
6311.046124 93.863 16.4146
6356.778566 93.847 17.1138
6402.842404 93.838 17.8326
6449.240040 93.834 18.5694
6495.973891 93.837 19.3228
6543.046396 93.846 20.0912
6590.460007 93.863 20.8734
6638.217197 93.887 21.6682
6686.320456 93.919 22.4746
6734.772290 93.959 23.2911
6783.575226 94.009 24.1165
6832.731809 94.069 24.9483
6882.244600 94.139 25.7841
6932.116181 94.221 26.6201
6982.349153 94.316 27.4520
7032.946133 94.423 28.2743
7083.909760 94.544 29.0806
7135.242690 94.680 29.8636
7186.947600 94.831 30.6156
7239.027185 94.997 31.3297
7291.484160 95.179 32.0009
7344.321260 95.377 32.6272
7397.541239 95.595 33.2060
7451.146872 95.834 33.7273
7505.140954 96.097 34.1696
7559.526299 96.386 34.5032
7614.305743 96.701 34.6956
7669.482141 97.043 34.7135
7725.058371 97.410 34.5225
7781.037328 97.802 34.0848
7837.421932 98.214 33.3597
7894.215122 98.644 32.3038
7951.419859 99.084 30.8738
8009.039125 99.525 29.0305
8067.075924 99.956 26.7443
8125.533282 100.364 24.0013
8184.414245 100.732 20.8104
8243.721885 101.046 17.2089
8303.459292 101.292 13.2661
8363.629581 101.463 9.0786
8424.235888 101.558 4.7572
8485.281374 101.584 0.3987
8546.769221 101.555 -3.9458
8608.702634 101.483 -8.2870
8671.084842 101.373 -12.6757
8733.919097 101.214 -17.1465
8797.208675 100.988 -21.6735
8860.956876 100.679 -26.1586
8925.167022 100.278 -30.4572
8989.842461 99.789 -34.4238
9054.986566 99.227 -37.9484
9120.602731 98.611 -40.9723
9186.694378 97.962 -43.4853
9253.264952 97.298 -45.5137
9320.317925 96.634 -47.1071
9387.856790 95.983 -48.3263
9455.885071 95.350 -49.2346
9524.406312 94.740 -49.8916
9593.424086 94.154 -50.3504
9662.941992 93.591 -50.6554
9732.963653 93.050 -50.8417
9803.492719 92.527 -50.9357
9874.532869 92.019 -50.9553
9946.087805 91.524 -50.9123
10018.161257 91.039 -50.8141
10090.756983 90.563 -50.6660
10163.878768 90.093 -50.4725
10237.530423 89.627 -50.2372
10311.715789 89.165 -49.9616
10386.438732 88.705 -49.6449
10461.703149 88.244 -49.2838
10537.512962 87.782 -48.8728
10613.872125 87.319 -48.4055
10690.784618 86.853 -47.8749
10768.254450 86.384 -47.2739
10846.285661 85.915 -46.5959
10924.882318 85.444 -45.8344
11004.048518 84.972 -44.9840
11083.788390 84.500 -44.0403
11164.106090 84.029 -42.9998
11245.005805 83.560 -41.8596
11326.491752 83.093 -40.6177
11408.568180 82.631 -39.2728
11491.239368 82.173 -37.8248
11574.509626 81.722 -36.2753
11658.383294 81.280 -34.6284
11742.864745 80.848 -32.8916
11827.958384 80.428 -31.0748
11913.668646 80.020 -29.1882
12000.000000 79.625 -27.2385
12086.956947 79.243 -25.2288
12174.544019 78.875 -23.1597
12262.765784 78.521 -21.0319
12351.626840 78.184 -18.8490
12441.131819 77.863 -16.6176
12531.285389 77.562 -14.3479
12622.092249 77.280 -12.0524
12713.557132 77.017 -9.7447
12805.684808 76.776 -7.4391
12898.480079 76.553 -5.1490
12991.947783 76.351 -2.8868
13086.092792 76.167 -0.6636
13180.920015 76.002 1.5113
13276.434395 75.853 3.6294
13372.640911 75.720 5.6838
13469.544580 75.603 7.6691
13567.150452 75.499 9.5818
13665.463617 75.407 11.4209
13764.489200 75.326 13.1867
13864.232362 75.255 14.8812
13964.698305 75.193 16.5077
14065.892266 75.139 18.0698
14167.819519 75.091 19.5719
14270.485380 75.049 21.0171
14373.895200 75.012 22.4085
14478.054370 74.980 23.7496
14582.968320 74.950 25.0458
14688.642520 74.922 26.3062
14795.082478 74.895 27.5441
14902.293745 74.869 28.7777
15010.281908 74.846 30.0276
15119.052599 74.828 31.3145
15228.611486 74.821 32.6546
15338.964283 74.831 34.0532
15450.116741 74.868 35.4969
15562.074656 74.942 36.9453
15674.843864 75.064 38.3243
15788.430244 75.239 39.5230
15902.839718 75.470 40.3991
16018.078250 75.749 40.7963
16134.151848 76.061 40.5716
16251.066563 76.385 39.6250
16368.828491 76.695 37.9156
16487.443769 76.971 35.4552
16606.918584 77.200 32.2841
16727.259161 77.373 28.4416
16848.471777 77.489 23.9421
16970.562748 77.547 18.7642
17093.538442 77.540 12.8584
17217.405268 77.451 6.1741
17342.169684 77.256 -1.3068
17467.838194 76.923 -9.5378
17594.417350 76.424 -18.3987
17721.913751 75.738 -27.7121
17850.334044 74.860 -37.2877
17979.684923 73.800 -46.9691
18109.973131 72.581 -56.6620
18241.205462 71.238 -66.3367
18373.388756 69.812 -76.0022
18506.529905 68.356 -85.6619
18640.635849 66.929 -95.2634
18775.713581 65.601 -104.6686
18911.770141 64.442 -113.6663
19048.812624 63.516 -122.0332
19186.848172 62.862 -129.6082
19325.883983 62.482 -136.3286
19465.927305 62.337 -142.2023
19606.985439 62.358 -147.2339
19749.065738 62.464 -151.3469
19892.175609 62.580 -154.3478
20036.322514 62.652 -155.9625
