* Measurement data measured by REW V5.31.3
* Source: Headset (2- CX31993 HIFI AUDIO), MICROPHONE (Master Volume), R, volume: 0.500
* Format: 256k Log Swept Sine, 1 sweep at -11.9 dBFS with no timing reference
* Dated: 09 2, 25 3:51:11 PM
* REW Settings:
*  C-weighting compensation: Off
*  Target level: 75.0 dB
* Note: ; 
* Measurement: MD Blessing2 A2 LDF HDF L
* Smoothing: 1/12 octave
* Frequency Step: 96 ppo
* Start Frequency: 0.36621094 Hz
*
* Freq(Hz) SPL(dB) Phase(degrees)
0.366211 44.311 13.7343
0.368865 44.310 13.7675
0.371538 44.309 13.8173
0.374230 44.307 13.8796
0.376942 44.305 13.9511
0.379673 44.303 14.0293
0.382424 44.301 14.1127
0.385196 44.299 14.2002
0.387987 44.297 14.2913
0.390798 44.295 14.3857
0.393630 44.292 14.4831
0.396483 44.290 14.5837
0.399356 44.288 14.6873
0.402250 44.286 14.7939
0.405165 44.283 14.9036
0.408101 44.281 15.0164
0.411058 44.279 15.1323
0.414037 44.277 15.2514
0.417037 44.274 15.3736
0.420059 44.272 15.4990
0.423103 44.269 15.6277
0.426169 44.267 15.7597
0.429257 44.265 15.8949
0.432368 44.262 16.0335
0.435501 44.260 16.1754
0.438656 44.257 16.3207
0.441835 44.255 16.4693
0.445037 44.252 16.6214
0.448262 44.250 16.7770
0.451510 44.247 16.9360
0.454782 44.245 17.0985
0.458077 44.242 17.2645
0.461397 44.240 17.4340
0.464740 44.237 17.6071
0.468108 44.234 17.7837
0.471500 44.232 17.9639
0.474917 44.229 18.1477
0.478358 44.226 18.3350
0.481825 44.224 18.5260
0.485316 44.221 18.7205
0.488833 44.218 18.9187
0.492375 44.215 19.1204
0.495943 44.213 19.3258
0.499537 44.210 19.5347
0.503157 44.207 19.7473
0.506803 44.204 19.9634
0.510475 44.201 20.1831
0.514175 44.198 20.4063
0.517900 44.195 20.6330
0.521653 44.193 20.8633
0.525434 44.190 21.0970
0.529241 44.187 21.3342
0.533076 44.184 21.5747
0.536939 44.181 21.8186
0.540830 44.178 22.0659
0.544749 44.174 22.3164
0.548696 44.171 22.5701
0.552673 44.168 22.8269
0.556677 44.165 23.0868
0.560711 44.162 23.3498
0.564774 44.159 23.6156
0.568867 44.156 23.8843
0.572989 44.152 24.1558
0.577141 44.149 24.4299
0.581324 44.146 24.7065
0.585536 44.143 24.9856
0.589779 44.139 25.2671
0.594053 44.136 25.5507
0.598358 44.133 25.8364
0.602694 44.129 26.1241
0.607061 44.126 26.4135
0.611460 44.122 26.7045
0.615891 44.119 26.9971
0.620354 44.115 27.2909
0.624849 44.112 27.5858
0.629377 44.108 27.8817
0.633938 44.105 28.1783
0.638532 44.101 28.4754
0.643159 44.098 28.7729
0.647819 44.094 29.0704
0.652514 44.090 29.3678
0.657242 44.087 29.6649
0.662005 44.083 29.9613
0.666802 44.079 30.2568
0.671634 44.075 30.5512
0.676501 44.072 30.8441
0.681403 44.068 31.1354
0.686341 44.064 31.4246
0.691314 44.060 31.7116
0.696324 44.057 31.9961
0.701370 44.053 32.2778
0.706452 44.050 32.5565
0.711571 44.047 32.8323
0.716728 44.045 33.1051
0.721921 44.044 33.3754
0.727153 44.046 33.6439
0.732422 44.050 33.9117
0.737729 44.058 34.1802
0.743075 44.068 34.4507
0.748460 44.082 34.7244
0.753883 44.097 35.0020
0.759346 44.115 35.2838
0.764849 44.133 35.5700
0.770391 44.154 35.8606
0.775974 44.175 36.1552
0.781597 44.198 36.4536
0.787261 44.222 36.7555
0.792966 44.247 37.0605
0.798712 44.273 37.3682
0.804500 44.301 37.6783
0.810329 44.329 37.9902
0.816201 44.358 38.3036
0.822116 44.389 38.6180
0.828073 44.420 38.9331
0.834074 44.453 39.2482
0.840118 44.486 39.5630
0.846206 44.521 39.8769
0.852338 44.556 40.1895
0.858514 44.593 40.5003
0.864735 44.630 40.8088
0.871001 44.668 41.1145
0.877313 44.707 41.4168
0.883670 44.747 41.7153
0.890074 44.788 42.0093
0.896524 44.830 42.2985
0.903020 44.872 42.5822
0.909564 44.915 42.8599
0.916155 44.958 43.1310
0.922794 45.003 43.3950
0.929481 45.047 43.6514
0.936216 45.093 43.8995
0.943000 45.139 44.1388
0.949834 45.185 44.3687
0.956717 45.232 44.5886
0.963649 45.279 44.7980
0.970632 45.326 44.9962
0.977666 45.374 45.1826
0.984750 45.422 45.3567
0.991886 45.470 45.5177
0.999074 45.518 45.6651
1.006314 45.566 45.7981
1.013606 45.614 45.9162
1.020951 45.662 46.0187
1.028349 45.710 46.1049
1.035801 45.757 46.1740
1.043307 45.804 46.2255
1.050867 45.850 46.2586
1.058482 45.896 46.2728
1.066152 45.942 46.2676
1.073878 45.987 46.2426
1.081660 46.031 46.1978
1.089498 46.074 46.1337
1.097393 46.117 46.0511
1.105345 46.159 45.9513
1.113355 46.201 45.8358
1.121423 46.243 45.7058
1.129549 46.284 45.5622
1.137734 46.325 45.4057
1.145979 46.366 45.2364
1.154283 46.407 45.0545
1.162647 46.447 44.8598
1.171072 46.488 44.6524
1.179558 46.529 44.4319
1.188106 46.569 44.1982
1.196715 46.610 43.9510
1.205387 46.651 43.6900
1.214122 46.691 43.4150
1.222920 46.732 43.1257
1.231782 46.773 42.8217
1.240708 46.814 42.5027
1.249699 46.855 42.1683
1.258754 46.897 41.8182
1.267876 46.938 41.4518
1.277063 46.980 41.0688
1.286318 47.022 40.6686
1.295639 47.065 40.2507
1.305027 47.107 39.8145
1.314484 47.151 39.3595
1.324009 47.194 38.8850
1.333604 47.238 38.3902
1.343268 47.283 37.8743
1.353002 47.328 37.3366
1.362806 47.374 36.7762
1.372681 47.420 36.1921
1.382628 47.467 35.5834
1.392647 47.515 34.9488
1.402739 47.564 34.2874
1.412904 47.613 33.5980
1.423142 47.663 32.8795
1.433455 47.714 32.1309
1.443843 47.766 31.3514
1.454305 47.818 30.5407
1.464844 47.870 29.6988
1.475459 47.922 28.8263
1.486150 47.973 27.9243
1.496920 48.025 26.9936
1.507767 48.075 26.0352
1.518693 48.125 25.0498
1.529698 48.174 24.0377
1.540783 48.223 22.9993
1.551948 48.272 21.9346
1.563194 48.320 20.8439
1.574521 48.369 19.7269
1.585931 48.419 18.5836
1.597423 48.469 17.4137
1.608999 48.520 16.2169
1.620658 48.572 14.9929
1.632402 48.626 13.7411
1.644232 48.682 12.4611
1.656146 48.740 11.1522
1.668147 48.800 9.8137
1.680235 48.864 8.4450
1.692411 48.930 7.0451
1.704675 49.000 5.6133
1.717028 49.075 4.1485
1.729470 49.153 2.6500
1.742003 49.237 1.1168
1.754626 49.325 -0.4519
1.767341 49.420 -2.0568
1.780147 49.520 -3.6983
1.793047 49.627 -5.3761
1.806040 49.741 -7.0893
1.819128 49.863 -8.8356
1.832310 49.991 -10.6115
1.845587 50.128 -12.4118
1.858961 50.272 -14.2307
1.872432 50.424 -16.0620
1.886001 50.583 -17.8999
1.899667 50.749 -19.7392
1.913433 50.923 -21.5753
1.927299 51.103 -23.4045
1.941265 51.289 -25.2234
1.955332 51.482 -27.0293
1.969501 51.680 -28.8201
1.983773 51.883 -30.5941
1.998148 52.092 -32.3501
2.012627 52.305 -34.0873
2.027212 52.522 -35.8053
2.041902 52.743 -37.5040
2.056698 52.967 -39.1836
2.071602 53.195 -40.8445
2.086614 53.424 -42.4875
2.101734 53.655 -44.1132
2.116964 53.888 -45.7224
2.132304 54.122 -47.3157
2.147756 54.357 -48.8936
2.163320 54.593 -50.4557
2.178996 54.830 -52.0012
2.194786 55.068 -53.5281
2.210690 55.309 -55.0336
2.226710 55.552 -56.5148
2.242845 55.799 -57.9691
2.259098 56.049 -59.3946
2.275468 56.303 -60.7905
2.291957 56.560 -62.1567
2.308566 56.820 -63.4937
2.325295 57.083 -64.8025
2.342145 57.348 -66.0841
2.359117 57.616 -67.3403
2.376212 57.885 -68.5726
2.393431 58.155 -69.7828
2.410775 58.426 -70.9727
2.428244 58.697 -72.1440
2.445840 58.968 -73.2987
2.463564 59.239 -74.4382
2.481416 59.508 -75.5643
2.499397 59.775 -76.6782
2.517509 60.041 -77.7808
2.535752 60.304 -78.8724
2.554127 60.565 -79.9527
2.572635 60.825 -81.0207
2.591277 61.082 -82.0752
2.610055 61.338 -83.1148
2.628968 61.593 -84.1389
2.648019 61.847 -85.1472
2.667208 62.099 -86.1400
2.686535 62.351 -87.1179
2.706003 62.601 -88.0816
2.725612 62.851 -89.0323
2.745363 63.099 -89.9711
2.765257 63.346 -90.8992
2.785295 63.593 -91.8177
2.805478 63.838 -92.7279
2.825808 64.082 -93.6309
2.846285 64.326 -94.5277
2.866910 64.568 -95.4191
2.887685 64.809 -96.3057
2.908611 65.048 -97.1875
2.929688 65.286 -98.0642
2.950917 65.523 -98.9352
2.972301 65.758 -99.7996
2.993839 65.992 -100.6568
3.015534 66.224 -101.5065
3.037386 66.454 -102.3489
3.059396 66.682 -103.1840
3.081565 66.909 -104.0126
3.103896 67.135 -104.8352
3.126388 67.359 -105.6525
3.149043 67.582 -106.4654
3.171862 67.804 -107.2746
3.194847 68.025 -108.0810
3.217998 68.244 -108.8851
3.241317 68.463 -109.6876
3.264805 68.681 -110.4888
3.288463 68.897 -111.2885
3.312293 69.112 -112.0866
3.336295 69.326 -112.8824
3.360471 69.538 -113.6757
3.384822 69.749 -114.4659
3.409350 69.959 -115.2531
3.434056 70.166 -116.0372
3.458940 70.373 -116.8187
3.484005 70.578 -117.5978
3.509252 70.781 -118.3751
3.534681 70.984 -119.1510
3.560295 71.185 -119.9261
3.586094 71.386 -120.7009
3.612081 71.585 -121.4759
3.638255 71.783 -122.2513
3.664620 71.980 -123.0272
3.691175 72.176 -123.8035
3.717923 72.370 -124.5798
3.744864 72.563 -125.3560
3.772001 72.754 -126.1317
3.799335 72.944 -126.9069
3.826866 73.133 -127.6814
3.854597 73.320 -128.4555
3.882529 73.506 -129.2292
3.910664 73.691 -130.0030
3.939002 73.874 -130.7771
3.967546 74.057 -131.5520
3.996296 74.238 -132.3280
4.025255 74.418 -133.1055
4.054423 74.596 -133.8847
4.083804 74.773 -134.6656
4.113396 74.949 -135.4479
4.143204 75.123 -136.2314
4.173227 75.296 -137.0156
4.203468 75.467 -137.8004
4.233928 75.637 -138.5853
4.264609 75.806 -139.3703
4.295512 75.973 -140.1555
4.326639 76.138 -140.9409
4.357992 76.303 -141.7270
4.389572 76.466 -142.5142
4.421380 76.627 -143.3029
4.453419 76.787 -144.0934
4.485691 76.946 -144.8856
4.518196 77.103 -145.6791
4.550936 77.258 -146.4734
4.583914 77.412 -147.2679
4.617131 77.564 -148.0620
4.650589 77.715 -148.8552
4.684289 77.864 -149.6475
4.718233 78.012 -150.4388
4.752424 78.158 -151.2296
4.786862 78.303 -152.0203
4.821549 78.447 -152.8114
4.856488 78.588 -153.6030
4.891680 78.729 -154.3947
4.927127 78.867 -155.1860
4.962831 79.004 -155.9761
4.998794 79.140 -156.7643
5.035017 79.274 -157.5499
5.071503 79.407 -158.3327
5.108253 79.539 -159.1127
5.145270 79.669 -159.8902
5.182555 79.798 -160.6656
5.220110 79.926 -161.4393
5.257937 80.052 -162.2113
5.296038 80.177 -162.9811
5.334415 80.300 -163.7483
5.373071 80.423 -164.5122
5.412006 80.544 -165.2723
5.451224 80.665 -166.0283
5.490725 80.785 -166.7801
5.530514 80.903 -167.5279
5.570590 81.021 -168.2722
5.610957 81.138 -169.0132
5.651616 81.254 -169.7512
5.692570 81.370 -170.4863
5.733821 81.485 -171.2182
5.775370 81.599 -171.9470
5.817221 81.713 -172.6726
5.859375 81.827 -173.3948
5.901834 81.941 -174.1140
5.944602 82.054 -174.8303
5.987679 82.168 -175.5444
6.031068 82.281 -176.2570
6.074771 82.394 -176.9686
6.118792 82.507 -177.6800
6.163131 82.620 -178.3915
6.207792 82.733 -179.1036
6.252776 82.847 -179.8164
6.298086 82.961 179.4698
6.343725 83.075 178.7545
6.389694 83.189 178.0368
6.435996 83.303 177.3159
6.482634 83.418 176.5906
6.529610 83.533 175.8602
6.576926 83.648 175.1238
6.624585 83.763 174.3811
6.672590 83.879 173.6319
6.720942 83.994 172.8759
6.769645 84.110 172.1125
6.818700 84.225 171.3410
6.868111 84.340 170.5607
6.917881 84.455 169.7708
6.968010 84.570 168.9709
7.018504 84.683 168.1607
7.069362 84.797 167.3403
7.120590 84.909 166.5098
7.172189 85.021 165.6694
7.224161 85.132 164.8193
7.276511 85.241 163.9593
7.329239 85.349 163.0893
7.382350 85.456 162.2093
7.435845 85.561 161.3196
7.489729 85.664 160.4212
7.544002 85.766 159.5150
7.598669 85.866 158.6019
7.653732 85.964 157.6829
7.709194 86.059 156.7583
7.765058 86.153 155.8285
7.821327 86.244 154.8943
7.878004 86.334 153.9569
7.935091 86.420 153.0181
7.992592 86.505 152.0793
8.050510 86.587 151.1417
8.108847 86.667 150.2060
8.167607 86.745 149.2729
8.226793 86.821 148.3434
8.286408 86.895 147.4189
8.346454 86.967 146.5010
8.406936 87.037 145.5909
8.467856 87.105 144.6896
8.529218 87.172 143.7975
8.591024 87.237 142.9149
8.653278 87.302 142.0426
8.715983 87.365 141.1813
8.779143 87.428 140.3315
8.842760 87.491 139.4936
8.906839 87.553 138.6674
8.971381 87.615 137.8523
9.036392 87.677 137.0479
9.101873 87.740 136.2536
9.167829 87.804 135.4688
9.234263 87.868 134.6929
9.301178 87.933 133.9247
9.368578 88.000 133.1630
9.436467 88.067 132.4060
9.504847 88.136 131.6524
9.573723 88.206 130.9008
9.643099 88.277 130.1501
9.712976 88.349 129.3989
9.783361 88.422 128.6455
9.854255 88.496 127.8886
9.925663 88.571 127.1269
9.997588 88.647 126.3596
10.070035 88.723 125.5861
10.143007 88.799 124.8057
10.216507 88.875 124.0181
10.290540 88.950 123.2229
10.365109 89.025 122.4202
10.440219 89.099 121.6105
10.515873 89.172 120.7946
10.592076 89.244 119.9733
10.668830 89.314 119.1474
10.746141 89.382 118.3180
10.824012 89.448 117.4865
10.902447 89.513 116.6545
10.981451 89.575 115.8235
11.061027 89.636 114.9951
11.141180 89.694 114.1707
11.221913 89.751 113.3517
11.303232 89.805 112.5398
11.385140 89.858 111.7363
11.467641 89.909 110.9422
11.550741 89.959 110.1584
11.634442 90.007 109.3857
11.718750 90.055 108.6246
11.803669 90.102 107.8755
11.889203 90.148 107.1383
11.975357 90.194 106.4126
12.062136 90.239 105.6980
12.149543 90.285 104.9938
12.237583 90.331 104.2992
12.326262 90.377 103.6130
12.415583 90.424 102.9342
12.505552 90.471 102.2615
12.596172 90.518 101.5938
12.687449 90.566 100.9298
12.779387 90.614 100.2685
12.871992 90.662 99.6089
12.965268 90.711 98.9501
13.059220 90.760 98.2914
13.153852 90.808 97.6323
13.249170 90.856 96.9724
13.345179 90.904 96.3114
13.441884 90.952 95.6492
13.539289 90.999 94.9860
13.637401 91.045 94.3215
13.736223 91.091 93.6560
13.835761 91.137 92.9896
13.936021 91.181 92.3223
14.037007 91.225 91.6541
14.138725 91.268 90.9849
14.241180 91.310 90.3146
14.344377 91.352 89.6430
14.448323 91.393 88.9700
14.553021 91.433 88.2952
14.658478 91.473 87.6184
14.764700 91.511 86.9395
14.871691 91.548 86.2583
14.979457 91.585 85.5749
15.088005 91.620 84.8895
15.197339 91.653 84.2025
15.307465 91.686 83.5144
15.418389 91.717 82.8261
15.530117 91.746 82.1383
15.642655 91.774 81.4522
15.756008 91.800 80.7687
15.870182 91.825 80.0889
15.985184 91.848 79.4137
16.101019 91.871 78.7440
16.217694 91.892 78.0803
16.335214 91.912 77.4229
16.453586 91.932 76.7719
16.572815 91.952 76.1269
16.692909 91.971 75.4874
16.813872 91.990 74.8527
16.935713 92.009 74.2218
17.058436 92.028 73.5939
17.182048 92.048 72.9682
17.306556 92.066 72.3438
17.431967 92.085 71.7206
17.558286 92.103 71.0984
17.685521 92.121 70.4775
17.813677 92.138 69.8588
17.942762 92.155 69.2431
18.072783 92.170 68.6317
18.203746 92.185 68.0259
18.335658 92.199 67.4270
18.468526 92.213 66.8360
18.602356 92.226 66.2535
18.737156 92.240 65.6797
18.872934 92.254 65.1143
19.009695 92.269 64.5565
19.147447 92.284 64.0049
19.286197 92.300 63.4579
19.425953 92.317 62.9137
19.566721 92.335 62.3706
19.708510 92.353 61.8272
19.851326 92.371 61.2825
19.995177 92.390 60.7360
20.140070 92.408 60.1879
20.286013 92.425 59.6392
20.433014 92.442 59.0909
20.581080 92.457 58.5449
20.730219 92.471 58.0027
20.880439 92.485 57.4658
21.031747 92.497 56.9355
21.184152 92.509 56.4124
21.337661 92.520 55.8966
21.492282 92.531 55.3878
21.648024 92.542 54.8853
21.804895 92.553 54.3879
21.962902 92.563 53.8949
22.122054 92.574 53.4055
22.282360 92.583 52.9194
22.443827 92.592 52.4367
22.606464 92.601 51.9580
22.770280 92.609 51.4840
22.935283 92.616 51.0154
23.101481 92.622 50.5526
23.268884 92.629 50.0954
23.437500 92.635 49.6429
23.607338 92.642 49.1935
23.778406 92.649 48.7451
23.950714 92.656 48.2954
24.124271 92.663 47.8423
24.299086 92.669 47.3845
24.475167 92.675 46.9217
24.652524 92.679 46.4550
24.831166 92.681 45.9868
25.011103 92.681 45.5205
25.192344 92.679 45.0598
25.374898 92.676 44.6083
25.558775 92.671 44.1686
25.743984 92.666 43.7418
25.930536 92.662 43.3268
26.118439 92.659 42.9208
26.307704 92.657 42.5194
26.498341 92.657 42.1175
26.690359 92.658 41.7103
26.883768 92.660 41.2942
27.078579 92.661 40.8681
27.274801 92.662 40.4332
27.472446 92.660 39.9933
27.671522 92.656 39.5539
27.872042 92.650 39.1214
28.074014 92.642 38.7018
28.277450 92.634 38.2992
28.482360 92.625 37.9151
28.688755 92.618 37.5480
28.896645 92.613 37.1934
29.106042 92.611 36.8449
29.316957 92.612 36.4956
29.529400 92.614 36.1393
29.743382 92.618 35.7722
29.958915 92.621 35.3935
30.176009 92.624 35.0052
30.394677 92.625 34.6122
30.614929 92.624 34.2204
30.836778 92.621 33.8355
31.060234 92.618 33.4617
31.285309 92.613 33.1004
31.512015 92.610 32.7504
31.740364 92.607 32.4080
31.970368 92.606 32.0682
32.202039 92.606 31.7264
32.435388 92.605 31.3793
32.670428 92.605 31.0262
32.907171 92.602 30.6691
33.145630 92.598 30.3123
33.385817 92.592 29.9611
33.627745 92.584 29.6206
33.871425 92.574 29.2944
34.116871 92.565 28.9840
34.364096 92.556 28.6883
34.613113 92.548 28.4042
34.863934 92.541 28.1272
35.116572 92.536 27.8527
35.371041 92.533 27.5763
35.627354 92.530 27.2950
35.885525 92.528 27.0071
36.145566 92.525 26.7124
36.407492 92.521 26.4121
36.671316 92.516 26.1091
36.937051 92.510 25.8067
37.204712 92.502 25.5090
37.474313 92.494 25.2196
37.745867 92.485 24.9407
38.019389 92.476 24.6725
38.294893 92.468 24.4128
38.572394 92.462 24.1578
38.851905 92.458 23.9023
39.133442 92.455 23.6411
39.417019 92.454 23.3704
39.702651 92.452 23.0880
39.990353 92.451 22.7933
40.280140 92.448 22.4875
40.572026 92.444 22.1733
40.866028 92.437 21.8538
41.162160 92.429 21.5334
41.460438 92.417 21.2175
41.760877 92.404 20.9114
42.063494 92.389 20.6199
42.368303 92.373 20.3458
42.675322 92.358 20.0891
42.984565 92.344 19.8473
43.296048 92.331 19.6155
43.609789 92.320 19.3888
43.925804 92.311 19.1632
44.244108 92.302 18.9366
44.564719 92.294 18.7083
44.887654 92.287 18.4780
45.212928 92.279 18.2458
45.540560 92.272 18.0118
45.870565 92.264 17.7767
46.202962 92.256 17.5425
46.537768 92.247 17.3116
46.875000 92.238 17.0858
47.214676 92.230 16.8645
47.556813 92.222 16.6448
47.901429 92.215 16.4219
48.248542 92.208 16.1924
48.598171 92.200 15.9564
48.950334 92.191 15.7174
49.305048 92.180 15.4817
49.662333 92.168 15.2544
50.022206 92.155 15.0375
50.384688 92.144 14.8290
50.749796 92.133 14.6244
51.117550 92.123 14.4193
51.487969 92.114 14.2114
51.861072 92.105 14.0009
52.236879 92.095 13.7893
52.615409 92.085 13.5786
52.996681 92.075 13.3698
53.380717 92.065 13.1639
53.767536 92.056 12.9614
54.157158 92.046 12.7627
54.549603 92.036 12.5681
54.944892 92.027 12.3774
55.343045 92.018 12.1904
55.744084 92.010 12.0063
56.148028 92.002 11.8235
56.554900 91.995 11.6393
56.964720 91.988 11.4507
57.377510 91.981 11.2559
57.793291 91.972 11.0568
58.212085 91.961 10.8594
58.633914 91.948 10.6711
59.058799 91.934 10.4974
59.486764 91.920 10.3389
59.917829 91.907 10.1913
60.352019 91.895 10.0480
60.789354 91.885 9.9036
61.229859 91.874 9.7555
61.673556 91.864 9.6038
62.120468 91.854 9.4493
62.570618 91.843 9.2933
63.024031 91.832 9.1370
63.480729 91.820 8.9819
63.940736 91.808 8.8298
64.404077 91.797 8.6821
64.870776 91.785 8.5394
65.340856 91.773 8.4011
65.814343 91.763 8.2662
66.291261 91.753 8.1329
66.771635 91.743 7.9994
67.255489 91.733 7.8651
67.742850 91.723 7.7309
68.233743 91.713 7.5985
68.728193 91.702 7.4689
69.226226 91.692 7.3414
69.727867 91.682 7.2133
70.233144 91.671 7.0822
70.742083 91.660 6.9479
71.254709 91.648 6.8126
71.771050 91.636 6.6801
72.291132 91.623 6.5526
72.814984 91.611 6.4302
73.342631 91.600 6.3094
73.874102 91.590 6.1858
74.409424 91.581 6.0564
74.948626 91.573 5.9219
75.491734 91.564 5.7848
76.038779 91.556 5.6460
76.589787 91.548 5.5031
77.144788 91.539 5.3547
77.703811 91.528 5.2057
78.266885 91.514 5.0671
78.834039 91.500 4.9487
79.405303 91.486 4.8518
79.980706 91.474 4.7683
80.560280 91.464 4.6879
81.144053 91.455 4.6046
81.732056 91.446 4.5184
82.324320 91.437 4.4318
82.920876 91.428 4.3455
83.521755 91.419 4.2572
84.126988 91.411 4.1639
84.736607 91.403 4.0636
85.350643 91.394 3.9565
85.969129 91.384 3.8453
86.592097 91.374 3.7330
87.219579 91.364 3.6222
87.851608 91.353 3.5139
88.488217 91.343 3.4078
89.129439 91.333 3.3036
89.775308 91.323 3.2015
90.425856 91.314 3.1023
91.081119 91.304 3.0070
91.741131 91.293 2.9166
92.405925 91.282 2.8326
93.075536 91.270 2.7555
93.750000 91.258 2.6855
94.429351 91.245 2.6222
95.113625 91.232 2.5652
95.802858 91.220 2.5133
96.497085 91.209 2.4623
97.196342 91.200 2.4037
97.900667 91.192 2.3290
98.610096 91.185 2.2350
99.324665 91.177 2.1266
100.044413 91.169 2.0126
100.769376 91.160 1.9006
101.499592 91.151 1.7950
102.235100 91.142 1.6970
102.975938 91.134 1.6069
103.722144 91.125 1.5248
104.473757 91.116 1.4509
105.230817 91.107 1.3848
105.993363 91.097 1.3252
106.761435 91.086 1.2698
107.535072 91.076 1.2142
108.314315 91.066 1.1543
109.099206 91.056 1.0873
109.889783 91.046 1.0131
110.686090 91.037 0.9328
111.488167 91.027 0.8477
112.296056 91.017 0.7593
113.109800 91.008 0.6695
113.929440 90.998 0.5806
114.755020 90.987 0.4960
115.586582 90.974 0.4207
116.424170 90.960 0.3608
117.267827 90.947 0.3198
118.117598 90.934 0.2946
118.973527 90.923 0.2749
119.835658 90.914 0.2484
120.704037 90.907 0.2068
121.578708 90.900 0.1505
122.459718 90.892 0.0859
123.347111 90.884 0.0184
124.240935 90.876 -0.0492
125.141236 90.868 -0.1157
126.048061 90.860 -0.1812
126.961458 90.851 -0.2465
127.881473 90.841 -0.3125
128.808154 90.831 -0.3799
129.741551 90.820 -0.4492
130.681712 90.810 -0.5209
131.628686 90.800 -0.5942
132.582521 90.791 -0.6678
133.543269 90.783 -0.7391
134.510979 90.775 -0.8044
135.485701 90.767 -0.8577
136.467486 90.759 -0.8927
137.456386 90.751 -0.9084
138.452451 90.743 -0.9117
139.455735 90.735 -0.9128
140.466288 90.725 -0.9197
141.484165 90.714 -0.9363
142.509418 90.701 -0.9617
143.542100 90.687 -0.9905
144.582265 90.671 -1.0167
145.629968 90.656 -1.0380
146.685262 90.641 -1.0558
147.748204 90.626 -1.0718
148.818849 90.611 -1.0856
149.897251 90.596 -1.0935
150.983469 90.581 -1.0927
152.077557 90.566 -1.0838
153.179574 90.553 -1.0688
154.289576 90.540 -1.0508
155.407622 90.527 -1.0344
156.533770 90.514 -1.0231
157.668078 90.500 -1.0150
158.810606 90.483 -1.0056
159.961413 90.465 -0.9930
161.120559 90.447 -0.9778
162.288105 90.429 -0.9594
163.464112 90.412 -0.9326
164.648640 90.396 -0.8884
165.841752 90.383 -0.8159
167.043510 90.373 -0.7073
168.253976 90.369 -0.5614
169.473213 90.371 -0.3850
170.701286 90.380 -0.1913
171.938258 90.396 0.0024
173.184194 90.418 0.1777
174.439158 90.445 0.3211
175.703216 90.475 0.4298
176.976434 90.507 0.5073
178.258878 90.542 0.5521
179.550615 90.578 0.5546
180.851713 90.613 0.5043
182.162239 90.646 0.3990
183.482262 90.674 0.2481
184.811850 90.696 0.0660
186.151073 90.712 -0.1344
187.500000 90.722 -0.3454
188.858702 90.726 -0.5634
190.227250 90.726 -0.7856
191.605715 90.721 -1.0070
192.994169 90.714 -1.2190
194.392685 90.704 -1.4113
195.801334 90.694 -1.5757
197.220191 90.684 -1.7113
198.649330 90.675 -1.8227
200.088825 90.666 -1.9175
201.538751 90.656 -2.0034
202.999184 90.646 -2.0860
204.470200 90.635 -2.1675
205.951875 90.623 -2.2469
207.444287 90.610 -2.3219
208.947514 90.597 -2.3901
210.461634 90.583 -2.4507
211.986726 90.568 -2.5046
213.522869 90.553 -2.5552
215.070144 90.539 -2.6078
216.628631 90.526 -2.6655
218.198411 90.514 -2.7258
219.779567 90.504 -2.7836
221.372180 90.494 -2.8361
222.976334 90.485 -2.8839
224.592112 90.477 -2.9286
226.219600 90.468 -2.9718
227.858880 90.460 -3.0135
229.510039 90.452 -3.0537
231.173164 90.444 -3.0918
232.848340 90.434 -3.1277
234.535655 90.423 -3.1611
236.235197 90.409 -3.1904
237.947054 90.394 -3.2151
239.671317 90.380 -3.2371
241.408074 90.367 -3.2592
243.157416 90.356 -3.2842
244.919435 90.347 -3.3141
246.694223 90.338 -3.3491
248.481871 90.328 -3.3878
250.282473 90.316 -3.4288
252.096123 90.304 -3.4696
253.922915 90.290 -3.5074
255.762945 90.278 -3.5400
257.616309 90.267 -3.5663
259.483103 90.257 -3.5864
261.363424 90.249 -3.6039
263.257372 90.242 -3.6210
265.165043 90.235 -3.6367
267.086538 90.227 -3.6506
269.021957 90.219 -3.6642
270.971401 90.210 -3.6791
272.934972 90.202 -3.6964
274.912771 90.196 -3.7180
276.904902 90.192 -3.7437
278.911469 90.191 -3.7672
280.932577 90.192 -3.7802
282.968330 90.193 -3.7829
285.018835 90.191 -3.7848
287.084199 90.186 -3.7939
289.164530 90.175 -3.8096
291.259935 90.162 -3.8251
293.370525 90.149 -3.8337
295.496408 90.138 -3.8308
297.637697 90.130 -3.8165
299.794503 90.124 -3.7982
301.966937 90.119 -3.7887
304.155114 90.114 -3.7969
306.359147 90.107 -3.8215
308.579152 90.099 -3.8539
310.815244 90.088 -3.8873
313.067539 90.075 -3.9202
315.336156 90.061 -3.9512
317.621211 90.047 -3.9757
319.922826 90.035 -3.9890
322.241118 90.023 -3.9902
324.576210 90.012 -3.9840
326.928223 90.001 -3.9772
329.297280 89.991 -3.9744
331.683504 89.981 -3.9783
334.087019 89.971 -3.9890
336.507952 89.961 -4.0035
338.946427 89.950 -4.0181
341.402572 89.940 -4.0306
343.876516 89.930 -4.0416
346.368387 89.920 -4.0517
348.878315 89.909 -4.0600
351.406431 89.898 -4.0647
353.952867 89.886 -4.0643
356.517756 89.873 -4.0584
359.101230 89.860 -4.0475
361.703426 89.847 -4.0323
364.324478 89.835 -4.0138
366.964523 89.822 -3.9938
369.623699 89.810 -3.9744
372.302145 89.798 -3.9570
375.000000 89.786 -3.9409
377.717405 89.774 -3.9238
380.454501 89.762 -3.9030
383.211431 89.751 -3.8770
385.988339 89.739 -3.8450
388.785369 89.728 -3.8067
391.602668 89.717 -3.7620
394.440383 89.706 -3.7111
397.298660 89.695 -3.6545
400.177650 89.686 -3.5941
403.077502 89.677 -3.5324
405.998368 89.670 -3.4728
408.940400 89.665 -3.4194
411.903750 89.662 -3.3756
414.888575 89.660 -3.3426
417.895028 89.659 -3.3200
420.923268 89.659 -3.3070
423.973452 89.657 -3.3021
427.045738 89.655 -3.3035
430.140287 89.652 -3.3096
433.257261 89.647 -3.3197
436.396822 89.641 -3.3331
439.559133 89.634 -3.3491
442.744360 89.626 -3.3669
445.952668 89.617 -3.3859
449.184225 89.607 -3.4055
452.439199 89.597 -3.4249
455.717760 89.585 -3.4424
459.020079 89.573 -3.4564
462.346327 89.560 -3.4656
465.696680 89.547 -3.4693
469.071310 89.533 -3.4674
472.470394 89.519 -3.4603
475.894109 89.504 -3.4491
479.342634 89.490 -3.4346
482.816148 89.476 -3.4171
486.314833 89.461 -3.3967
489.838871 89.447 -3.3730
493.388445 89.432 -3.3462
496.963741 89.418 -3.3163
500.564945 89.403 -3.2836
504.192245 89.389 -3.2482
507.845830 89.374 -3.2106
511.525890 89.360 -3.1709
515.232618 89.346 -3.1295
518.966206 89.332 -3.0865
522.726849 89.318 -3.0421
526.514743 89.303 -2.9958
530.330086 89.289 -2.9477
534.173076 89.275 -2.8975
538.043915 89.261 -2.8452
541.942803 89.246 -2.7905
545.869944 89.232 -2.7331
549.825542 89.218 -2.6727
553.809805 89.205 -2.6095
557.822939 89.191 -2.5441
561.865154 89.177 -2.4772
565.936660 89.164 -2.4095
570.037671 89.150 -2.3414
574.168399 89.136 -2.2725
578.329060 89.122 -2.2017
582.519870 89.108 -2.1283
586.741049 89.094 -2.0513
590.992817 89.080 -1.9707
595.275394 89.066 -1.8867
599.589005 89.052 -1.8004
603.933874 89.037 -1.7128
608.310228 89.022 -1.6245
612.718295 89.007 -1.5353
617.158304 88.992 -1.4439
621.630488 88.977 -1.3489
626.135079 88.962 -1.2493
630.672311 88.948 -1.1448
635.242423 88.934 -1.0360
639.845651 88.920 -0.9244
644.482237 88.906 -0.8119
649.152421 88.892 -0.6990
653.856447 88.878 -0.5848
658.594560 88.865 -0.4688
663.367008 88.852 -0.3508
668.174039 88.839 -0.2318
673.015903 88.826 -0.1108
677.892854 88.814 0.0145
682.805145 88.801 0.1473
687.753032 88.788 0.2894
692.736774 88.775 0.4398
697.756631 88.763 0.5961
702.812863 88.751 0.7556
707.905735 88.739 0.9169
713.035511 88.728 1.0795
718.202461 88.717 1.2435
723.406852 88.707 1.4079
728.648956 88.697 1.5724
733.929047 88.688 1.7381
739.247399 88.679 1.9062
744.604290 88.671 2.0776
750.000000 88.664 2.2529
755.434809 88.658 2.4325
760.909001 88.652 2.6174
766.422861 88.646 2.8081
771.976677 88.639 3.0040
777.570739 88.633 3.2040
783.205337 88.628 3.4077
788.880766 88.624 3.6143
794.597321 88.621 3.8229
800.355301 88.620 4.0327
806.155005 88.619 4.2433
811.996736 88.620 4.4556
817.880799 88.621 4.6707
823.807501 88.624 4.8895
829.777150 88.628 5.1113
835.790057 88.632 5.3344
841.846536 88.636 5.5568
847.946903 88.641 5.7782
854.091476 88.647 5.9996
860.280575 88.653 6.2224
866.514523 88.661 6.4469
872.793644 88.670 6.6721
879.118267 88.680 6.8967
885.488720 88.692 7.1196
891.905336 88.705 7.3403
898.368450 88.719 7.5588
904.878398 88.735 7.7752
911.435520 88.751 7.9899
918.040157 88.769 8.2034
924.692655 88.787 8.4156
931.393359 88.807 8.6256
938.142619 88.827 8.8313
944.940787 88.849 9.0312
951.788218 88.872 9.2244
958.685268 88.895 9.4111
965.632296 88.920 9.5913
972.629666 88.945 9.7655
979.677741 88.971 9.9337
986.776890 88.998 10.0959
993.927482 89.025 10.2517
1001.129891 89.054 10.4000
1008.384491 89.082 10.5402
1015.691660 89.112 10.6716
1023.051781 89.141 10.7937
1030.465236 89.171 10.9062
1037.932411 89.202 11.0094
1045.453698 89.232 11.1033
1053.029486 89.263 11.1885
1060.660172 89.293 11.2654
1068.346153 89.323 11.3344
1076.087829 89.353 11.3952
1083.885605 89.383 11.4481
1091.739887 89.413 11.4933
1099.651084 89.442 11.5311
1107.619609 89.471 11.5621
1115.645878 89.500 11.5869
1123.730308 89.527 11.6055
1131.873321 89.554 11.6176
1140.075341 89.580 11.6235
1148.336797 89.604 11.6240
1156.658119 89.629 11.6206
1165.039741 89.652 11.6143
1173.482099 89.674 11.6046
1181.985634 89.696 11.5912
1190.550789 89.717 11.5741
1199.178011 89.736 11.5534
1207.867749 89.755 11.5294
1216.620457 89.773 11.5028
1225.436590 89.790 11.4742
1234.316609 89.806 11.4448
1243.260976 89.822 11.4160
1252.270157 89.837 11.3892
1261.344623 89.851 11.3647
1270.484846 89.864 11.3419
1279.691303 89.877 11.3204
1288.964474 89.888 11.3015
1298.304842 89.899 11.2858
1307.712894 89.910 11.2734
1317.189120 89.920 11.2636
1326.734016 89.931 11.2555
1336.348077 89.941 11.2484
1346.031806 89.951 11.2424
1355.785708 89.962 11.2380
1365.610290 89.972 11.2362
1375.506065 89.982 11.2373
1385.473549 89.991 11.2411
1395.513261 90.001 11.2469
1405.625726 90.010 11.2538
1415.811469 90.019 11.2615
1426.071023 90.029 11.2697
1436.404921 90.038 11.2782
1446.813703 90.047 11.2875
1457.297912 90.056 11.2979
1467.858093 90.065 11.3096
1478.494798 90.073 11.3228
1489.208581 90.082 11.3374
1500.000000 90.091 11.3531
1510.869618 90.100 11.3696
1521.818002 90.109 11.3866
1532.845723 90.117 11.4036
1543.953355 90.126 11.4207
1555.141477 90.135 11.4379
1566.410674 90.143 11.4552
1577.761531 90.152 11.4727
1589.194642 90.160 11.4903
1600.710601 90.169 11.5087
1612.310010 90.177 11.5284
1623.993473 90.185 11.5500
1635.761599 90.193 11.5742
1647.615002 90.200 11.6010
1659.554299 90.208 11.6305
1671.580114 90.216 11.6626
1683.693072 90.224 11.6965
1695.893807 90.231 11.7316
1708.182952 90.239 11.7677
1720.561150 90.247 11.8051
1733.029045 90.255 11.8439
1745.587288 90.263 11.8840
1758.236533 90.271 11.9252
1770.977440 90.280 11.9678
1783.810673 90.288 12.0125
1796.736900 90.297 12.0601
1809.756796 90.306 12.1115
1822.871040 90.315 12.1671
1836.080315 90.324 12.2269
1849.385310 90.334 12.2900
1862.786718 90.343 12.3558
1876.285239 90.353 12.4233
1889.881575 90.364 12.4923
1903.576436 90.375 12.5630
1917.370535 90.387 12.6354
1931.264593 90.399 12.7097
1945.259332 90.411 12.7859
1959.355483 90.424 12.8638
1973.553781 90.438 12.9434
1987.854965 90.452 13.0239
2002.259781 90.467 13.1052
2016.768981 90.483 13.1870
2031.383320 90.499 13.2693
2046.103561 90.516 13.3523
2060.930471 90.534 13.4360
2075.864823 90.552 13.5203
2090.907395 90.571 13.6050
2106.058972 90.591 13.6900
2121.320344 90.612 13.7751
2136.692305 90.633 13.8602
2152.175658 90.656 13.9448
2167.771210 90.679 14.0287
2183.479774 90.704 14.1118
2199.302169 90.729 14.1943
2215.239219 90.755 14.2760
2231.291755 90.782 14.3569
2247.460615 90.811 14.4369
2263.746641 90.840 14.5153
2280.150683 90.871 14.5914
2296.673595 90.902 14.6644
2313.316238 90.935 14.7336
2330.079481 90.968 14.7988
2346.964198 91.003 14.8599
2363.971268 91.039 14.9167
2381.101578 91.076 14.9691
2398.356022 91.114 15.0167
2415.735498 91.154 15.0588
2433.240913 91.194 15.0950
2450.873180 91.236 15.1245
2468.633217 91.279 15.1466
2486.521951 91.323 15.1611
2504.540314 91.369 15.1672
2522.689246 91.416 15.1644
2540.969692 91.464 15.1522
2559.382606 91.513 15.1299
2577.928947 91.563 15.0968
2596.609683 91.615 15.0520
2615.425787 91.668 14.9949
2634.378241 91.722 14.9246
2653.468031 91.777 14.8402
2672.696154 91.834 14.7408
2692.063613 91.891 14.6252
2711.571415 91.950 14.4930
2731.220579 92.009 14.3431
2751.012130 92.069 14.1750
2770.947098 92.129 13.9875
2791.026522 92.190 13.7795
2811.251451 92.252 13.5498
2831.622938 92.314 13.2974
2852.142045 92.376 13.0212
2872.809842 92.438 12.7202
2893.627406 92.500 12.3933
2914.595823 92.562 12.0396
2935.716186 92.624 11.6581
2956.989596 92.684 11.2479
2978.417161 92.744 10.8079
3000.000000 92.802 10.3370
3021.739237 92.858 9.8347
3043.636005 92.912 9.3000
3065.691446 92.964 8.7330
3087.906710 93.013 8.1334
3110.282955 93.059 7.5015
3132.821347 93.101 6.8373
3155.523062 93.138 6.1415
3178.389283 93.171 5.4147
3201.421202 93.199 4.6582
3224.620020 93.221 3.8738
3247.986946 93.237 3.0636
3271.523198 93.246 2.2302
3295.230004 93.248 1.3766
3319.108599 93.243 0.5063
3343.160228 93.230 -0.3770
3367.386145 93.210 -1.2692
3391.787613 93.181 -2.1666
3416.365904 93.145 -3.0659
3441.122300 93.100 -3.9634
3466.058091 93.048 -4.8561
3491.174576 92.988 -5.7413
3516.473066 92.921 -6.6168
3541.954880 92.846 -7.4807
3567.621345 92.764 -8.3311
3593.473800 92.675 -9.1660
3619.513592 92.578 -9.9832
3645.742080 92.474 -10.7797
3672.160630 92.362 -11.5525
3698.770620 92.243 -12.2980
3725.573436 92.117 -13.0128
3752.570477 91.984 -13.6932
3779.763150 91.844 -14.3359
3807.152872 91.699 -14.9380
3834.741071 91.547 -15.4967
3862.529185 91.391 -16.0103
3890.518664 91.230 -16.4773
3918.710966 91.064 -16.8967
3947.107561 90.895 -17.2674
3975.709929 90.722 -17.5879
4004.519563 90.545 -17.8568
4033.537962 90.365 -18.0724
4062.766641 90.183 -18.2328
4092.207123 89.997 -18.3364
4121.860942 89.810 -18.3814
4151.729646 89.621 -18.3660
4181.814790 89.431 -18.2880
4212.117944 89.240 -18.1452
4242.640687 89.049 -17.9354
4273.384610 88.857 -17.6564
4304.351317 88.667 -17.3064
4335.542421 88.478 -16.8840
4366.959549 88.292 -16.3888
4398.604338 88.110 -15.8212
4430.478438 87.932 -15.1835
4462.583511 87.761 -14.4800
4494.921231 87.597 -13.7166
4527.493283 87.442 -12.8995
4560.301365 87.296 -12.0353
4593.347189 87.160 -11.1306
4626.632476 87.033 -10.1920
4660.158962 86.917 -9.2257
4693.928395 86.810 -8.2373
4727.942535 86.713 -7.2321
4762.203156 86.626 -6.2148
4796.712043 86.548 -5.1907
4831.470996 86.480 -4.1647
4866.481826 86.421 -3.1417
4901.746360 86.371 -2.1268
4937.266434 86.329 -1.1249
4973.043902 86.297 -0.1414
5009.080628 86.272 0.8181
5045.378492 86.254 1.7479
5081.939384 86.244 2.6432
5118.765212 86.239 3.4996
5155.857894 86.239 4.3135
5193.219366 86.244 5.0818
5230.851574 86.251 5.8026
5268.756481 86.260 6.4753
5306.936062 86.269 7.1012
5345.392309 86.276 7.6831
5384.127225 86.282 8.2261
5423.142830 86.283 8.7366
5462.441159 86.281 9.2227
5502.024259 86.273 9.6936
5541.894195 86.259 10.1597
5582.053045 86.240 10.6311
5622.502902 86.216 11.1179
5663.245876 86.187 11.6293
5704.284090 86.155 12.1735
5745.619684 86.119 12.7570
5787.254813 86.082 13.3851
5829.191647 86.044 14.0618
5871.432373 86.007 14.7896
5913.979192 85.972 15.5695
5956.834323 85.940 16.4012
6000.000000 85.912 17.2836
6043.478473 85.890 18.2141
6087.272010 85.874 19.1897
6131.382892 85.866 20.2067
6175.813420 85.865 21.2612
6220.565910 85.873 22.3492
6265.642695 85.891 23.4674
6311.046124 85.918 24.6127
6356.778566 85.956 25.7826
6402.842404 86.004 26.9743
6449.240040 86.065 28.1851
6495.973891 86.137 29.4115
6543.046396 86.224 30.6496
6590.460007 86.324 31.8953
6638.217197 86.439 33.1437
6686.320456 86.570 34.3896
6734.772290 86.718 35.6272
6783.575226 86.884 36.8499
6832.731809 87.068 38.0503
6882.244600 87.273 39.2204
6932.116181 87.499 40.3513
6982.349153 87.747 41.4332
7032.946133 88.020 42.4539
7083.909760 88.317 43.3995
7135.242690 88.639 44.2542
7186.947600 88.987 45.0018
7239.027185 89.362 45.6246
7291.484160 89.765 46.1031
7344.321260 90.198 46.4143
7397.541239 90.662 46.5284
7451.146872 91.159 46.4040
7505.140954 91.688 45.9879
7559.526299 92.247 45.2209
7614.305743 92.830 44.0432
7669.482141 93.428 42.3977
7725.058371 94.031 40.2334
7781.037328 94.625 37.5092
7837.421932 95.194 34.1998
7894.215122 95.720 30.3008
7951.419859 96.182 25.8353
8009.039125 96.563 20.8578
8067.075924 96.843 15.4568
8125.533282 97.009 9.7537
8184.414245 97.049 3.8988
8243.721885 96.961 -1.9377
8303.459292 96.748 -7.5782
8363.629581 96.423 -12.8543
8424.235888 96.007 -17.6293
8485.281374 95.533 -21.8302
8546.769221 95.039 -25.4814
8608.702634 94.560 -28.7174
8671.084842 94.118 -31.7449
8733.919097 93.709 -34.7610
8797.208675 93.313 -37.8793
8860.956876 92.900 -41.1030
8925.167022 92.446 -44.3511
8989.842461 91.938 -47.5082
9054.986566 91.374 -50.4687
9120.602731 90.759 -53.1566
9186.694378 90.101 -55.5273
9253.264952 89.411 -57.5602
9320.317925 88.696 -59.2500
9387.856790 87.963 -60.6007
9455.885071 87.220 -61.6205
9524.406312 86.469 -62.3203
9593.424086 85.717 -62.7135
9662.941992 84.967 -62.8149
9732.963653 84.223 -62.6404
9803.492719 83.487 -62.2050
9874.532869 82.761 -61.5223
9946.087805 82.047 -60.6027
10018.161257 81.345 -59.4530
10090.756983 80.658 -58.0792
10163.878768 79.988 -56.4893
10237.530423 79.337 -54.6970
10311.715789 78.708 -52.7216
10386.438732 78.103 -50.5865
10461.703149 77.523 -48.3168
10537.512962 76.969 -45.9362
10613.872125 76.439 -43.4647
10690.784618 75.934 -40.9191
10768.254450 75.454 -38.3126
10846.285661 74.996 -35.6569
10924.882318 74.560 -32.9615
11004.048518 74.146 -30.2351
11083.788390 73.751 -27.4843
11164.106090 73.376 -24.7131
11245.005805 73.019 -21.9235
11326.491752 72.680 -19.1140
11408.568180 72.359 -16.2821
11491.239368 72.057 -13.4248
11574.509626 71.774 -10.5421
11658.383294 71.513 -7.6403
11742.864745 71.274 -4.7350
11827.958384 71.060 -1.8494
11913.668646 70.869 0.9934
12000.000000 70.700 3.7804
12086.956947 70.550 6.5122
12174.544019 70.417 9.2006
12262.765784 70.301 11.8607
12351.626840 70.203 14.5055
12441.131819 70.124 17.1419
12531.285389 70.067 19.7706
12622.092249 70.032 22.3865
12713.557132 70.021 24.9797
12805.684808 70.034 27.5385
12898.480079 70.071 30.0515
12991.947783 70.131 32.5097
13086.092792 70.215 34.9059
13180.920015 70.322 37.2343
13276.434395 70.451 39.4907
13372.640911 70.601 41.6727
13469.544580 70.772 43.7794
13567.150452 70.963 45.8118
13665.463617 71.175 47.7717
13764.489200 71.407 49.6611
13864.232362 71.662 51.4802
13964.698305 71.940 53.2260
14065.892266 72.243 54.8912
14167.819519 72.575 56.4625
14270.485380 72.937 57.9176
14373.895200 73.332 59.2251
14478.054370 73.761 60.3450
14582.968320 74.226 61.2295
14688.642520 74.726 61.8233
14795.082478 75.262 62.0634
14902.293745 75.830 61.8784
15010.281908 76.426 61.1889
15119.052599 77.043 59.9091
15228.611486 77.667 57.9526
15338.964283 78.281 55.2408
15450.116741 78.862 51.7139
15562.074656 79.383 47.3450
15674.843864 79.811 42.1527
15788.430244 80.115 36.2140
15902.839718 80.265 29.6719
16018.078250 80.236 22.7343
16134.151848 80.012 15.6626
16251.066563 79.590 8.7499
16368.828491 78.979 2.2917
16487.443769 78.202 -3.4468
16606.918584 77.297 -8.2695
16727.259161 76.316 -12.0876
16848.471777 75.322 -14.9633
16970.562748 74.387 -17.1387
17093.538442 73.571 -19.0138
17217.405268 72.904 -21.0359
17342.169684 72.368 -23.5391
17467.838194 71.907 -26.6278
17594.417350 71.456 -30.1752
17721.913751 70.969 -33.9100
17850.334044 70.423 -37.5267
17979.684923 69.823 -40.7643
18109.973131 69.188 -43.4427
18241.205462 68.544 -45.4697
18373.388756 67.920 -46.8300
18506.529905 67.339 -47.5691
18640.635849 66.819 -47.7791
18775.713581 66.371 -47.5878
18911.770141 66.000 -47.1536
19048.812624 65.704 -46.6586
19186.848172 65.476 -46.2920
19325.883983 65.301 -46.2220
19465.927305 65.166 -46.5557
19606.985439 65.055 -47.2968
19749.065738 64.964 -48.3126
19892.175609 64.895 -49.3274
20036.322514 64.856 -49.9784
