* Measurement data measured by REW V5.30.4
* Source: Headset (2- CX31993 HIFI AUDIO), MICROPHONE (Master Volume), L, volume: 0.500
* Format: 256k Log Swept Sine, 1 sweep at -12.0 dBFS with no timing reference
* Dated: 07 1, 24 7:46:47 AM
* REW Settings:
*  C-weighting compensation: Off
*  Target level: 75.0 dB
* Note: ; 
* Measurement: Moondrop Stellaris L
* Smoothing: 1/12 octave
* Frequency Step: 96 ppo
* Start Frequency: 20.141602 Hz
*
* Freq(Hz) SPL(dB) Phase(degrees)
20.141602 92.148 -172.7600
20.287556 92.114 -172.7979
20.434568 92.062 -172.9118
20.582645 91.996 -173.0922
20.731796 91.921 -173.3316
20.882027 91.843 -173.6253
21.033346 91.768 -173.9725
21.185762 91.702 -174.3768
21.339283 91.650 -174.8285
21.493916 91.618 -175.3235
21.649670 91.607 -175.8543
21.806553 91.620 -176.4099
21.964573 91.655 -176.9751
22.123737 91.710 -177.5385
22.284056 91.780 -178.0745
22.445536 91.861 -178.5598
22.608185 91.946 -178.9742
22.772013 92.030 -179.2997
22.937029 92.106 -179.5222
23.103241 92.169 -179.6370
23.270657 92.216 -179.6383
23.439285 92.242 -179.5245
23.609137 92.245 -179.3029
23.780218 92.225 -178.9862
23.952539 92.182 -178.5926
24.126110 92.115 -178.1509
24.300938 92.029 -177.6852
24.477032 91.925 -177.2250
24.654402 91.808 -176.8050
24.833057 91.685 -176.4617
25.013008 91.561 -176.2323
25.194263 91.443 -176.1573
25.376831 91.338 -176.2592
25.560722 91.254 -176.5578
25.745945 91.194 -177.0606
25.932510 91.162 -177.7595
26.120428 91.160 -178.6355
26.309708 91.184 -179.6480
26.500359 91.231 179.2552
26.692390 91.295 178.1295
26.885815 91.369 177.0293
27.080641 91.447 176.0005
27.276878 91.524 175.0798
27.474539 91.595 174.2944
27.673630 91.658 173.6523
27.874165 91.711 173.1462
28.076153 91.754 172.7532
28.279604 91.788 172.4413
28.484529 91.813 172.1787
28.690941 91.829 171.9313
28.898848 91.836 171.6727
29.108261 91.834 171.3859
29.319191 91.822 171.0713
29.531651 91.802 170.7460
29.745649 91.774 170.4356
29.961199 91.740 170.1711
30.178310 91.703 169.9776
30.396996 91.666 169.8784
30.617264 91.633 169.8799
30.839128 91.605 169.9711
31.062601 91.582 170.1239
31.287693 91.564 170.2991
31.514416 91.546 170.4595
31.742783 91.526 170.5690
31.972803 91.500 170.6012
32.204491 91.465 170.5396
32.437859 91.421 170.3864
32.672916 91.370 170.1523
32.909679 91.317 169.8543
33.148155 91.265 169.5092
33.388359 91.221 169.1380
33.630306 91.188 168.7595
33.874004 91.168 168.3880
34.119469 91.161 168.0330
34.366711 91.163 167.7047
34.615746 91.168 167.4146
34.866585 91.172 167.1718
35.119244 91.169 166.9821
35.373734 91.157 166.8492
35.630066 91.135 166.7733
35.888256 91.104 166.7452
36.148315 91.068 166.7463
36.410259 91.029 166.7551
36.674103 90.992 166.7503
36.939857 90.959 166.7124
37.207539 90.931 166.6281
37.477161 90.907 166.4979
37.748737 90.886 166.3323
38.022282 90.867 166.1474
38.297806 90.848 165.9573
38.575329 90.828 165.7783
38.854862 90.807 165.6147
39.136421 90.786 165.4608
39.420021 90.763 165.3055
39.705673 90.740 165.1373
39.993397 90.717 164.9477
40.283207 90.692 164.7329
40.575115 90.666 164.5023
40.869141 90.641 164.2689
41.165295 90.616 164.0450
41.463596 90.592 163.8433
41.764057 90.571 163.6726
42.066696 90.550 163.5332
42.371529 90.530 163.4187
42.678570 90.508 163.3208
42.987835 90.486 163.2277
43.299343 90.461 163.1248
43.613110 90.435 163.0052
43.929150 90.408 162.8640
44.247478 90.380 162.6996
44.568115 90.352 162.5209
44.891075 90.324 162.3407
45.216373 90.297 162.1710
45.544029 90.270 162.0233
45.874062 90.244 161.9044
46.206486 90.217 161.8129
46.541317 90.189 161.7440
46.878574 90.159 161.6888
47.218277 90.128 161.6329
47.560440 90.096 161.5625
47.905083 90.065 161.4641
48.252224 90.035 161.3257
48.601879 90.007 161.1444
48.954067 89.981 160.9267
49.308807 89.956 160.6866
49.666119 89.932 160.4440
50.026020 89.908 160.2172
50.388531 89.885 160.0161
50.753666 89.863 159.8474
51.121449 89.840 159.7079
51.491894 89.815 159.5912
51.865025 89.788 159.4922
52.240860 89.758 159.4031
52.619419 89.726 159.3167
53.000721 89.693 159.2255
53.384785 89.659 159.1205
53.771633 89.626 159.0002
54.161285 89.593 158.8654
54.553761 89.561 158.7214
54.949081 89.531 158.5754
55.347263 89.503 158.4321
55.748333 89.477 158.2972
56.152309 89.452 158.1740
56.559212 89.426 158.0646
56.969063 89.399 157.9696
57.381886 89.370 157.8821
57.797699 89.340 157.7962
58.216526 89.308 157.7029
58.638386 89.275 157.5963
59.063305 89.241 157.4771
59.491302 89.207 157.3512
59.922401 89.176 157.2299
60.356625 89.147 157.1204
60.793995 89.120 157.0287
61.234531 89.094 156.9564
61.678261 89.066 156.9017
62.125206 89.037 156.8590
62.575390 89.006 156.8168
63.028835 88.972 156.7601
63.485569 88.938 156.6758
63.945610 88.904 156.5630
64.408989 88.872 156.4296
64.875725 88.841 156.2935
65.345840 88.812 156.1707
65.819366 88.784 156.0706
66.296318 88.757 155.9903
66.776726 88.728 155.9225
67.260620 88.696 155.8607
67.748016 88.660 155.8040
68.238945 88.622 155.7587
68.733429 88.579 155.7361
69.231499 88.532 155.7462
69.733177 88.478 155.7909
70.238495 88.418 155.8683
70.747475 88.352 155.9722
71.260139 88.289 156.0816
71.776520 88.239 156.1558
72.296638 88.209 156.1454
72.820526 88.198 156.0216
73.348213 88.198 155.8016
73.879723 88.200 155.5428
74.415085 88.196 155.3063
74.954330 88.183 155.1284
75.497482 88.160 155.0098
76.044571 88.130 154.9315
76.595619 88.094 154.8740
77.150665 88.056 154.8265
77.709732 88.016 154.7878
78.272850 87.979 154.7617
78.840050 87.944 154.7516
79.411354 87.912 154.7578
79.986801 87.883 154.7740
80.566422 87.855 154.7900
81.150238 87.827 154.7968
81.738289 87.800 154.7874
82.330597 87.772 154.7563
82.927200 87.745 154.7064
83.528122 87.718 154.6475
84.133400 87.691 154.5884
84.743065 87.663 154.5357
85.357147 87.634 154.4929
85.975677 87.603 154.4583
86.598694 87.570 154.4319
87.226227 87.536 154.4115
87.858307 87.500 154.3999
88.494965 87.464 154.4031
89.136238 87.428 154.4191
89.782158 87.392 154.4389
90.432755 87.357 154.4493
91.088066 87.323 154.4441
91.748131 87.291 154.4255
92.412979 87.260 154.3982
93.082642 87.228 154.3666
93.757156 87.196 154.3304
94.436562 87.162 154.2904
95.120888 87.127 154.2491
95.810173 87.093 154.2144
96.504456 87.060 154.1969
97.203766 87.029 154.1977
97.908142 87.000 154.2096
98.617622 86.970 154.2293
99.332245 86.940 154.2519
100.052048 86.909 154.2776
100.777069 86.877 154.3083
101.507339 86.844 154.3503
102.242905 86.811 154.4033
102.983795 86.778 154.4616
103.730057 86.747 154.5118
104.481728 86.718 154.5482
105.238846 86.690 154.5665
106.001450 86.662 154.5701
106.769577 86.633 154.5641
107.543274 86.605 154.5612
108.322578 86.577 154.5701
109.107529 86.550 154.5941
109.898170 86.522 154.6266
110.694534 86.494 154.6610
111.496674 86.464 154.6928
112.304626 86.433 154.7198
113.118431 86.402 154.7430
113.938133 86.371 154.7644
114.763779 86.338 154.7847
115.595406 86.303 154.8102
116.433060 86.263 154.8461
117.276779 86.219 154.9030
118.126617 86.171 154.9872
118.982613 86.122 155.0839
119.844810 86.077 155.1774
120.713257 86.038 155.2490
121.587997 86.002 155.2939
122.469070 85.966 155.3224
123.356529 85.927 155.3439
124.250420 85.890 155.3618
125.150787 85.858 155.3799
126.057678 85.834 155.4044
126.971146 85.819 155.4364
127.891228 85.810 155.4764
128.817978 85.803 155.5364
129.751450 85.796 155.6156
130.691681 85.787 155.7062
131.638733 85.770 155.8099
132.592636 85.745 155.9357
133.553452 85.713 156.0795
134.521240 85.677 156.2215
135.496033 85.639 156.3348
136.477890 85.600 156.3966
137.466858 85.560 156.4016
138.462997 85.519 156.3630
139.466354 85.476 156.3081
140.476990 85.430 156.2708
141.494949 85.381 156.2661
142.520279 85.332 156.2895
143.553040 85.286 156.3386
144.593277 85.246 156.4365
145.641052 85.215 156.6171
146.696426 85.195 156.8893
147.759445 85.181 157.2290
148.830170 85.168 157.5921
149.908661 85.152 157.9492
150.994965 85.134 158.2946
152.089142 85.115 158.6273
153.191238 85.101 158.9483
154.301331 85.093 159.2398
155.419464 85.094 159.4789
156.545700 85.104 159.6656
157.680099 85.123 159.8171
158.822708 85.149 159.9448
159.973602 85.175 160.0480
161.132843 85.197 160.1097
162.300476 85.209 160.1216
163.476578 85.211 160.0858
164.661194 85.202 160.0166
165.854401 85.183 159.9321
167.056244 85.157 159.8461
168.266800 85.126 159.7607
169.486130 85.094 159.6780
170.714294 85.066 159.5988
171.951355 85.041 159.5225
173.197388 85.018 159.4504
174.452454 84.997 159.3829
175.716614 84.976 159.3247
176.989929 84.952 159.2866
178.272476 84.927 159.2696
179.564316 84.900 159.2782
180.865509 84.872 159.3123
182.176132 84.843 159.3579
183.496262 84.815 159.4158
184.825958 84.788 159.4763
186.165283 84.761 159.5370
187.514313 84.735 159.5987
188.873123 84.710 159.6576
190.241776 84.685 159.7234
191.620346 84.659 159.7855
193.008911 84.633 159.8546
194.407532 84.606 159.9177
195.816284 84.578 159.9908
197.235245 84.551 160.0690
198.664490 84.524 160.1547
200.104095 84.498 160.2478
201.554138 84.473 160.3465
203.014679 84.449 160.4491
204.485809 84.425 160.5530
205.967590 84.401 160.6566
207.460114 84.376 160.7567
208.963455 84.351 160.8575
210.477692 84.324 160.9532
212.002899 84.297 161.0415
213.539154 84.269 161.1255
215.086548 84.241 161.2117
216.645157 84.215 161.3113
218.215057 84.191 161.4194
219.796341 84.169 161.5359
221.389069 84.147 161.6586
222.993347 84.126 161.7791
224.609253 84.105 161.8958
226.236862 84.083 162.0084
227.876266 84.062 162.1205
229.527557 84.041 162.2361
231.190811 84.021 162.3550
232.866119 84.001 162.4775
234.553558 83.981 162.5959
236.253235 83.961 162.7151
237.965225 83.942 162.8339
239.689621 83.922 162.9476
241.426514 83.902 163.0623
243.175995 83.882 163.1793
244.938141 83.861 163.3002
246.713058 83.841 163.4243
248.500839 83.821 163.5535
250.301575 83.801 163.6778
252.115356 83.781 163.7990
253.942291 83.762 163.9207
255.782455 83.743 164.0424
257.635956 83.724 164.1714
259.502899 83.705 164.3012
261.383362 83.686 164.4321
263.277466 83.668 164.5703
265.185272 83.649 164.7059
267.106903 83.630 164.8406
269.042480 83.610 164.9725
270.992065 83.591 165.1107
272.955780 83.573 165.2527
274.933716 83.555 165.3978
276.925995 83.538 165.5470
278.932709 83.522 165.6893
280.953979 83.506 165.8311
282.989899 83.489 165.9763
285.040558 83.471 166.1178
287.106079 83.454 166.2594
289.186554 83.437 166.3977
291.282104 83.421 166.5327
293.392853 83.404 166.6668
295.518890 83.388 166.8033
297.660339 83.371 166.9380
299.817322 83.355 167.0710
301.989929 83.338 167.2072
304.178284 83.321 167.3426
306.382477 83.304 167.4787
308.602661 83.288 167.6188
310.838928 83.272 167.7614
313.091400 83.257 167.9050
315.360199 83.242 168.0513
317.645416 83.227 168.1967
319.947205 83.212 168.3464
322.265686 83.198 168.4968
324.600952 83.183 168.6494
326.953156 83.169 168.8064
329.322388 83.154 168.9636
331.708801 83.140 169.1207
334.112488 83.126 169.2783
336.533600 83.112 169.4375
338.972260 83.098 169.5962
341.428589 83.085 169.7552
343.902710 83.071 169.9128
346.394775 83.057 170.0716
348.904907 83.044 170.2302
351.433228 83.030 170.3923
353.979858 83.017 170.5527
356.544952 83.003 170.7150
359.128632 82.990 170.8793
361.731018 82.977 171.0441
364.352264 82.965 171.2119
366.992523 82.952 171.3797
369.651917 82.941 171.5528
372.330566 82.929 171.7188
375.028625 82.917 171.8925
377.746246 82.906 172.0626
380.483551 82.894 172.2353
383.240692 82.882 172.4067
386.017822 82.871 172.5805
388.815063 82.860 172.7590
391.632568 82.849 172.9334
394.470490 82.838 173.1107
397.328979 82.827 173.2894
400.208191 82.817 173.4669
403.108276 82.807 173.6505
406.029358 82.797 173.8314
408.971619 82.788 174.0111
411.935181 82.779 174.1918
414.920227 82.769 174.3784
417.926910 82.760 174.5619
420.955383 82.751 174.7498
424.005798 82.743 174.9337
427.078308 82.734 175.1195
430.173096 82.726 175.3065
433.290314 82.717 175.4947
436.430115 82.709 175.6892
439.592682 82.702 175.8832
442.778137 82.694 176.0768
445.986694 82.686 176.2704
449.218506 82.679 176.4683
452.473724 82.672 176.6653
455.752533 82.665 176.8616
459.055115 82.658 177.0562
462.381622 82.652 177.2569
465.732239 82.646 177.4541
469.107117 82.640 177.6511
472.506470 82.634 177.8551
475.930450 82.629 178.0561
479.379242 82.623 178.2604
482.853027 82.618 178.4675
486.351990 82.614 178.6743
489.876282 82.609 178.8874
493.426117 82.605 179.1016
497.001678 82.601 179.3098
500.603149 82.597 179.5255
504.230713 82.593 179.7397
507.884583 82.590 179.9551
511.564911 82.586 -179.8313
515.271912 82.584 -179.6150
519.005798 82.581 -179.3958
522.766724 82.578 -179.1810
526.554932 82.576 -178.9578
530.370544 82.574 -178.7395
534.213806 82.573 -178.5117
538.084961 82.571 -178.2874
541.984131 82.570 -178.0625
545.911560 82.569 -177.8301
549.867432 82.568 -177.6005
553.851990 82.568 -177.3710
557.865417 82.568 -177.1395
561.907959 82.569 -176.9035
565.979797 82.570 -176.6683
570.081116 82.571 -176.4311
574.212158 82.572 -176.1920
578.373108 82.574 -175.9517
582.564209 82.576 -175.7096
586.785706 82.579 -175.4646
591.037781 82.582 -175.2215
595.320679 82.585 -174.9765
599.634644 82.589 -174.7274
603.979858 82.593 -174.4779
608.356567 82.597 -174.2261
612.764954 82.602 -173.9711
617.205322 82.607 -173.7189
621.677856 82.613 -173.4624
626.182800 82.619 -173.2051
630.720398 82.625 -172.9440
635.290833 82.632 -172.6824
639.894409 82.639 -172.4191
644.531372 82.647 -172.1522
649.201904 82.655 -171.8836
653.906311 82.664 -171.6148
658.644775 82.673 -171.3412
663.417603 82.682 -171.0683
668.224976 82.692 -170.7936
673.067200 82.703 -170.5180
677.944519 82.714 -170.2415
682.857178 82.726 -169.9644
687.805420 82.739 -169.6854
692.789551 82.752 -169.3990
697.809814 82.766 -169.1158
702.866455 82.780 -168.8267
707.959717 82.795 -168.5354
713.089905 82.811 -168.2446
718.257263 82.827 -167.9552
723.462036 82.844 -167.6566
728.704529 82.862 -167.3622
733.985046 82.881 -167.0684
739.303833 82.900 -166.7685
744.661133 82.921 -166.4680
750.057251 82.942 -166.1678
755.492493 82.964 -165.8639
760.967102 82.987 -165.5602
766.481384 83.011 -165.2541
772.035645 83.035 -164.9473
777.630127 83.061 -164.6363
783.265137 83.088 -164.3279
788.940979 83.115 -164.0131
794.657959 83.144 -163.7031
800.416382 83.174 -163.3940
806.216553 83.204 -163.0805
812.058716 83.236 -162.7700
817.943237 83.268 -162.4557
823.870361 83.302 -162.1417
829.840454 83.337 -161.8320
835.853821 83.373 -161.5208
841.910767 83.410 -161.2119
848.011597 83.449 -160.9001
854.156616 83.489 -160.5946
860.346191 83.530 -160.2892
866.580627 83.573 -159.9853
872.860229 83.616 -159.6825
879.185364 83.661 -159.3862
885.556274 83.708 -159.0881
891.973389 83.755 -158.7986
898.437012 83.804 -158.5051
904.947449 83.853 -158.2173
911.505066 83.904 -157.9388
918.110229 83.956 -157.6587
924.763245 84.009 -157.3868
931.464478 84.064 -157.1128
938.214233 84.119 -156.8489
945.012939 84.176 -156.5915
951.860901 84.234 -156.3443
958.758484 84.293 -156.0973
965.706055 84.353 -155.8614
972.703979 84.414 -155.6273
979.752563 84.477 -155.3983
986.852234 84.540 -155.1827
994.003357 84.604 -154.9704
1001.206299 84.669 -154.7658
1008.461426 84.734 -154.5665
1015.769165 84.800 -154.3829
1023.129822 84.867 -154.2021
1030.543823 84.935 -154.0287
1038.011597 85.002 -153.8658
1045.533447 85.071 -153.7105
1053.109863 85.140 -153.5597
1060.741089 85.209 -153.4237
1068.427612 85.278 -153.2938
1076.169922 85.348 -153.1660
1083.968262 85.418 -153.0493
1091.823120 85.488 -152.9410
1099.734863 85.559 -152.8364
1107.703979 85.629 -152.7379
1115.730835 85.700 -152.6496
1123.815918 85.770 -152.5641
1131.959595 85.841 -152.4838
1140.162231 85.911 -152.4177
1148.424316 85.982 -152.3454
1156.746216 86.052 -152.2836
1165.128418 86.123 -152.2238
1173.571411 86.194 -152.1688
1182.075562 86.264 -152.1203
1190.641357 86.335 -152.0690
1199.269287 86.405 -152.0283
1207.959717 86.475 -151.9898
1216.713135 86.546 -151.9509
1225.529907 86.616 -151.9192
1234.410645 86.687 -151.8856
1243.355713 86.757 -151.8583
1252.365601 86.828 -151.8297
1261.440796 86.899 -151.8082
1270.581665 86.970 -151.7787
1279.788818 87.042 -151.7550
1289.062744 87.114 -151.7349
1298.403809 87.186 -151.7133
1307.812622 87.259 -151.6914
1317.289551 87.332 -151.6771
1326.835205 87.405 -151.6549
1336.449951 87.479 -151.6359
1346.134399 87.553 -151.6174
1355.889038 87.629 -151.6045
1365.714355 87.704 -151.5885
1375.610840 87.781 -151.5716
1385.579102 87.858 -151.5522
1395.619629 87.937 -151.5390
1405.732910 88.016 -151.5242
1415.919434 88.096 -151.5137
1426.179810 88.177 -151.5011
1436.514526 88.260 -151.4945
1446.924072 88.344 -151.4793
1457.409058 88.430 -151.4760
1467.970093 88.518 -151.4728
1478.607666 88.607 -151.4771
1489.322266 88.698 -151.4769
1500.114502 88.791 -151.4824
1510.984985 88.884 -151.4913
1521.934204 88.979 -151.5095
1532.962769 89.074 -151.5196
1544.071289 89.171 -151.5383
1555.260254 89.268 -151.5594
1566.530273 89.367 -151.5859
1577.881958 89.468 -151.6087
1589.315918 89.570 -151.6525
1600.832764 89.674 -151.6967
1612.433105 89.780 -151.7408
1624.117432 89.887 -151.7986
1635.886475 89.997 -151.8612
1647.740723 90.109 -151.9346
1659.680908 90.223 -152.0108
1671.707642 90.339 -152.1001
1683.821533 90.457 -152.2002
1696.023193 90.577 -152.3117
1708.313232 90.700 -152.4236
1720.692383 90.825 -152.5527
1733.161255 90.952 -152.6924
1745.720459 91.081 -152.8537
1758.370728 91.213 -153.0236
1771.112549 91.348 -153.2140
1783.946777 91.485 -153.4091
1796.874023 91.624 -153.6189
1809.894897 91.767 -153.8662
1823.010132 91.912 -154.1208
1836.220459 92.059 -154.3934
1849.526489 92.209 -154.6919
1862.928955 92.362 -155.0066
1876.428467 92.517 -155.3540
1890.025879 92.675 -155.7206
1903.721802 92.835 -156.1208
1917.516968 92.998 -156.5456
1931.412109 93.163 -157.0060
1945.407959 93.331 -157.4935
1959.505127 93.502 -158.0179
1973.704468 93.674 -158.5782
1988.006714 93.849 -159.1727
2002.412598 94.025 -159.8140
2016.922852 94.204 -160.4956
2031.538330 94.384 -161.2261
2046.259644 94.566 -162.0026
2061.087646 94.748 -162.8287
2076.023193 94.931 -163.7005
2091.066895 95.115 -164.6388
2106.219727 95.298 -165.6272
2121.482178 95.481 -166.6862
2136.855225 95.663 -167.7930
2152.339844 95.843 -168.9654
2167.936523 96.021 -170.1950
2183.646240 96.195 -171.5145
2199.469727 96.366 -172.8883
2215.407959 96.532 -174.3348
2231.461670 96.692 -175.8486
2247.631836 96.846 -177.4260
2263.919189 96.993 -179.0683
2280.324463 97.131 179.2294
2296.848633 97.260 177.4562
2313.492432 97.378 175.6204
2330.256836 97.485 173.7300
2347.142822 97.580 171.7927
2364.151123 97.662 169.8165
2381.282715 97.730 167.8068
2398.538574 97.784 165.7575
2415.919434 97.823 163.6908
2433.426270 97.847 161.6154
2451.059814 97.856 159.5339
2468.821289 97.850 157.4485
2486.711426 97.828 155.3835
2504.731201 97.791 153.3170
2522.881592 97.740 151.2848
2541.163330 97.674 149.2957
2559.577637 97.595 147.3536
2578.125488 97.504 145.4760
2596.807617 97.401 143.6038
2615.625244 97.286 141.8143
2634.579102 97.162 140.0842
2653.670410 97.029 138.4348
2672.899902 96.887 136.8574
2692.268799 96.738 135.3452
2711.778076 96.583 133.8889
2731.428711 96.423 132.5143
2751.221680 96.258 131.2209
2771.158203 96.089 130.0007
2791.239258 95.918 128.8447
2811.465820 95.744 127.7737
2831.838867 95.568 126.7807
2852.359619 95.391 125.8495
2873.029053 95.215 125.0048
2893.848145 95.039 124.2322
2914.818115 94.864 123.5202
2935.940186 94.693 122.9205
2957.215332 94.526 122.3616
2978.644531 94.365 121.8799
3000.229004 94.211 121.4560
3021.969971 94.065 121.1022
3043.868408 93.928 120.7748
3065.925537 93.801 120.4580
3088.142578 93.684 120.1685
3110.520508 93.574 119.8836
3133.060547 93.472 119.5678
3155.763916 93.373 119.2349
3178.631836 93.278 118.9037
3201.665527 93.184 118.5546
3224.866211 93.090 118.1952
3248.234863 92.996 117.8336
3271.772949 92.902 117.4824
3295.481445 92.807 117.1449
3319.361816 92.712 116.8250
3343.415283 92.618 116.5211
3367.643066 92.525 116.2366
3392.046387 92.433 115.9854
3416.626465 92.343 115.7440
3441.384766 92.256 115.5133
3466.322510 92.171 115.3199
3491.440918 92.088 115.1251
3516.741455 92.009 114.9432
3542.225098 91.932 114.7847
3567.893555 91.858 114.6367
3593.748047 91.787 114.4747
3619.789795 91.718 114.3524
3646.020264 91.652 114.2295
3672.440918 91.587 114.0912
3699.052979 91.525 113.9735
3725.857910 91.465 113.8744
3752.856934 91.406 113.7740
3780.051758 91.349 113.7060
3807.443604 91.294 113.6437
3835.033936 91.241 113.6037
3862.824219 91.190 113.5945
3890.815918 91.143 113.5984
3919.010254 91.099 113.6310
3947.408936 91.059 113.7085
3976.013428 91.025 113.7910
4004.825195 90.998 113.9303
4033.845703 90.978 114.0930
4063.076660 90.968 114.2749
4092.519287 90.969 114.5040
4122.175293 90.982 114.7515
4152.046387 91.010 115.0143
4182.133789 91.054 115.2608
4212.439453 91.116 115.4927
4242.964355 91.196 115.6876
4273.710449 91.295 115.8292
4304.679688 91.412 115.8791
4335.873047 91.546 115.8015
4367.292480 91.693 115.6091
4398.939453 91.850 115.2493
4430.815918 92.013 114.7250
4462.923340 92.178 114.0335
4495.263672 92.341 113.1567
4527.838379 92.496 112.1265
4560.648926 92.642 110.9378
4593.697266 92.775 109.6109
4626.984863 92.893 108.1603
4660.513672 92.994 106.6198
4694.285645 93.077 104.9618
4728.302246 93.142 103.2710
4762.565430 93.188 101.5040
4797.077148 93.215 99.7046
4831.838867 93.223 97.8738
4866.852539 93.212 96.0426
4902.119629 93.185 94.1935
4937.642578 93.140 92.3670
4973.422852 93.078 90.5426
5009.462402 93.001 88.7500
5045.763184 92.908 86.9763
5082.326660 92.801 85.2465
5119.155273 92.679 83.5655
5156.250977 92.543 81.9294
5193.615234 92.395 80.3544
5231.250488 92.235 78.8582
5269.158203 92.064 77.4393
5307.340820 91.884 76.0830
5345.799805 91.695 74.8312
5384.537598 91.501 73.6558
5423.556152 91.301 72.5691
5462.857422 91.097 71.5810
5502.443359 90.891 70.6753
5542.316406 90.685 69.8579
5582.478516 90.478 69.1454
5622.931641 90.274 68.4905
5663.677734 90.072 67.9292
5704.719238 89.874 67.4469
5746.058105 89.681 67.0404
5787.696289 89.494 66.7094
5829.636230 89.313 66.4120
5871.880371 89.141 66.1773
5914.430664 88.976 65.9755
5957.289062 88.819 65.7915
6000.458008 88.669 65.6184
6043.939941 88.524 65.4667
6087.736816 88.382 65.2587
6131.851074 88.241 65.0687
6176.285156 88.095 64.8479
6221.041016 87.941 64.6608
6266.121094 87.779 64.5276
6311.527832 87.607 64.5045
6357.263672 87.430 64.6350
6403.331055 87.255 64.9399
6449.732422 87.089 65.4355
6496.469727 86.940 66.1059
6543.545898 86.813 66.9422
6590.962891 86.712 67.8491
6638.723633 86.639 68.8436
6686.830566 86.594 69.8922
6735.286133 86.576 70.9471
6784.092773 86.586 72.0181
6833.252930 86.623 73.1141
6882.769531 86.689 74.1919
6932.645020 86.784 75.2440
6982.881836 86.908 76.2428
7033.482910 87.064 77.2061
7084.450195 87.252 78.0934
7135.787109 87.473 78.8912
7187.496094 87.730 79.5908
7239.579590 88.024 80.1419
7292.040527 88.356 80.5144
7344.881836 88.725 80.6581
7398.105957 89.132 80.5494
7451.715820 89.573 80.1123
7505.713867 90.043 79.2767
7560.103516 90.535 78.0114
7614.887207 91.039 76.2203
7670.067871 91.541 73.8534
7725.648438 92.025 70.9042
7781.631836 92.472 67.3539
7838.020508 92.863 63.2086
7894.817871 93.175 58.5327
7952.026855 93.390 53.3912
8009.650391 93.493 47.9303
8067.691406 93.472 42.2589
8126.153320 93.321 36.5886
8185.038574 93.041 31.0652
8244.350586 92.639 25.8192
8304.092773 92.124 21.0231
8364.267578 91.508 16.7594
8424.878906 90.805 13.1423
8485.928711 90.028 10.2876
8547.420898 89.193 8.2811
8609.359375 88.320 7.2527
8671.746094 87.433 7.2750
8734.584961 86.568 8.3784
8797.878906 85.760 10.4558
8861.631836 85.043 13.3000
8925.846680 84.434 16.6530
8990.527344 83.941 20.3318
9055.676758 83.562 24.1903
9121.297852 83.294 28.1527
9187.394531 83.133 32.1059
9253.969727 83.069 35.8700
9321.027344 83.086 39.3432
9388.571289 83.163 42.4581
9456.604492 83.281 45.2475
9525.130859 83.428 47.7976
9594.154297 83.597 50.1633
9663.677734 83.790 52.4413
9733.705078 84.007 54.6606
9804.239258 84.252 56.8104
9875.285156 84.528 58.9241
9946.845703 84.837 60.9637
10018.924805 85.181 62.9135
10091.526367 85.561 64.7703
10164.653320 85.979 66.5094
10238.310547 86.434 68.1117
10312.501953 86.929 69.5458
10387.230469 87.463 70.8076
10462.500977 88.038 71.8740
10538.316406 88.653 72.7096
10614.681641 89.310 73.2998
10691.599609 90.010 73.6356
10769.075195 90.754 73.6690
10847.112305 91.543 73.3342
10925.714844 92.376 72.6050
11004.886719 93.248 71.3921
11084.632812 94.153 69.6316
11164.957031 95.079 67.2625
11245.863281 96.014 64.1890
11327.355469 96.943 60.3987
11409.438477 97.851 55.8828
11492.116211 98.720 50.5760
11575.392578 99.532 44.5344
11659.272461 100.271 37.7697
11743.760742 100.921 30.3449
11828.861328 101.468 22.3231
11914.578125 101.899 13.7883
12000.916016 102.197 4.8431
12087.879883 102.338 -4.3928
12175.473633 102.294 -13.7134
12263.702148 102.038 -22.7861
12352.570312 101.560 -31.1815
12442.082031 100.888 -38.4489
12532.242188 100.092 -44.3213
12623.055664 99.269 -48.9679
12714.527344 98.507 -52.7684
12806.662109 97.848 -56.2598
12899.464844 97.285 -59.6677
12992.939453 96.797 -63.0576
13087.091797 96.363 -66.4608
13181.925781 95.968 -69.8981
13277.447266 95.589 -73.4114
13373.661133 95.206 -76.9503
13470.572266 94.807 -80.4249
13568.185547 94.390 -83.7726
13666.505859 93.958 -86.9608
13765.539062 93.510 -89.9785
13865.290039 93.040 -92.7861
13965.763672 92.539 -95.2037
14066.965820 92.014 -96.9979
14168.900391 91.499 -97.9603
14271.574219 91.057 -98.0721
14374.992188 90.750 -97.7009
14479.159180 90.608 -97.4000
14584.081055 90.608 -97.7625
14689.763672 90.694 -98.9968
14796.211914 90.812 -101.0626
14903.431641 90.932 -103.8077
15011.427734 91.039 -107.1679
15120.207031 91.119 -111.1095
15229.774414 91.148 -115.6188
15340.135742 91.098 -120.6567
15451.296875 90.936 -126.0491
15563.263672 90.637 -131.6261
15676.041016 90.186 -137.0582
15789.635742 89.588 -142.0676
15904.053711 88.859 -146.3230
16019.300781 88.034 -149.6674
16135.382812 87.155 -151.9658
16252.306641 86.275 -153.2737
16370.077148 85.444 -153.8220
16488.701172 84.702 -153.9661
16608.185547 84.063 -154.1539
16728.535156 83.514 -154.6603
16849.757812 83.025 -155.6238
16971.857422 82.551 -157.0147
17094.841797 82.053 -158.5164
17218.718750 81.506 -159.5127
17343.492188 80.939 -158.8685
17469.169922 80.470 -155.3724
17595.757812 80.277 -148.9353
17723.263672 80.466 -142.2378
17851.693359 80.943 -138.8556
17981.054688 81.486 -139.9924
18111.353516 81.896 -144.6759
18242.595703 82.063 -151.5010
18374.789062 81.955 -159.3414
18507.939453 81.588 -167.4254
18642.054688 80.995 -175.2675
18777.142578 80.206 177.3945
18913.208984 79.242 170.8899
19050.261719 78.125 165.4832
19188.308594 76.893 161.5000
19327.355469 75.596 159.1558
19467.410156 74.307 158.7904
19608.478516 73.132 160.4681
19750.570312 72.198 163.4209
19893.691406 71.593 165.8639
20037.849609 0.000 166.1535
