* Measurement data measured by REW V5.31.3
* Source: Input device not selected, no input selected, R, volume: no control
* Format: 256k Log Swept Sine, 1 sweep at -12.0 dBFS with no timing reference
* Dated: Feb 6, 2026 4:37:06 PM
* REW Settings:
*  C-weighting compensation: Off
*  Target level: 75.0 dB
* Note: ; 
* Measurement: Roseselsa Ceramics Mk2 L
* Smoothing: 1/24 octave
* Frequency Step: 96 ppo
* Start Frequency: 0.36621094 Hz
*
* Freq(Hz) SPL(dB) Phase(degrees)
0.366211 54.593 87.1841
0.368865 54.633 86.9643
0.371538 54.691 86.6469
0.374230 54.756 86.2877
0.376942 54.824 85.9115
0.379673 54.894 85.5274
0.382424 54.964 85.1384
0.385196 55.034 84.7455
0.387987 55.105 84.3489
0.390798 55.177 83.9488
0.393630 55.249 83.5454
0.396483 55.322 83.1388
0.399356 55.395 82.7290
0.402250 55.469 82.3162
0.405165 55.543 81.9005
0.408101 55.618 81.4820
0.411058 55.694 81.0608
0.414037 55.770 80.6370
0.417037 55.846 80.2108
0.420059 55.923 79.7822
0.423103 56.001 79.3514
0.426169 56.079 78.9185
0.429257 56.157 78.4837
0.432368 56.237 78.0469
0.435501 56.317 77.6084
0.438656 56.397 77.1682
0.441835 56.478 76.7265
0.445037 56.560 76.2834
0.448262 56.642 75.8390
0.451510 56.725 75.3933
0.454782 56.808 74.9466
0.458077 56.892 74.4988
0.461397 56.977 74.0501
0.464740 57.062 73.6007
0.468108 57.148 73.1505
0.471500 57.234 72.6997
0.474917 57.321 72.2484
0.478358 57.409 71.7966
0.481825 57.498 71.3444
0.485316 57.587 70.8920
0.488833 57.676 70.4393
0.492375 57.766 69.9865
0.495943 57.857 69.5337
0.499537 57.949 69.0808
0.503157 58.041 68.6279
0.506803 58.134 68.1751
0.510475 58.228 67.7225
0.514175 58.322 67.2701
0.517900 58.417 66.8178
0.521653 58.513 66.3659
0.525434 58.609 65.9142
0.529241 58.706 65.4629
0.533076 58.804 65.0119
0.536939 58.903 64.5613
0.540830 59.002 64.1111
0.544749 59.102 63.6612
0.548696 59.202 63.2118
0.552673 59.304 62.7628
0.556677 59.406 62.3142
0.560711 59.509 61.8660
0.564774 59.612 61.4182
0.568867 59.716 60.9708
0.572989 59.822 60.5237
0.577141 59.927 60.0770
0.581324 60.034 59.6307
0.585536 60.141 59.1846
0.589779 60.250 58.7388
0.594053 60.359 58.2933
0.598358 60.468 57.8480
0.602694 60.579 57.4028
0.607061 60.690 56.9578
0.611460 60.802 56.5129
0.615891 60.915 56.0681
0.620354 61.029 55.6232
0.624849 61.144 55.1783
0.629377 61.259 54.7332
0.633938 61.375 54.2881
0.638532 61.492 53.8427
0.643159 61.610 53.3970
0.647819 61.729 52.9510
0.652514 61.849 52.5046
0.657242 61.969 52.0578
0.662005 62.091 51.6104
0.666802 62.213 51.1625
0.671634 62.336 50.7139
0.676501 62.460 50.2646
0.681403 62.585 49.8144
0.686341 62.711 49.3635
0.691314 62.838 48.9115
0.696324 62.966 48.4586
0.701370 63.095 48.0046
0.706452 63.224 47.5495
0.711571 63.355 47.0932
0.716728 63.486 46.6356
0.721921 63.618 46.1769
0.727153 63.749 45.7176
0.732422 63.878 45.2586
0.737729 64.004 44.8021
0.743075 64.128 44.3501
0.748460 64.251 43.9037
0.753883 64.375 43.4632
0.759346 64.499 43.0287
0.764849 64.623 42.6001
0.770391 64.748 42.1772
0.775974 64.873 41.7600
0.781597 64.999 41.3482
0.787261 65.125 40.9418
0.792966 65.252 40.5404
0.798712 65.379 40.1441
0.804500 65.507 39.7524
0.810329 65.635 39.3654
0.816201 65.763 38.9827
0.822116 65.892 38.6042
0.828073 66.022 38.2298
0.834074 66.152 37.8590
0.840118 66.282 37.4919
0.846206 66.413 37.1281
0.852338 66.544 36.7675
0.858514 66.676 36.4098
0.864735 66.808 36.0549
0.871001 66.941 35.7025
0.877313 67.074 35.3523
0.883670 67.207 35.0043
0.890074 67.341 34.6582
0.896524 67.475 34.3137
0.903020 67.610 33.9707
0.909564 67.744 33.6289
0.916155 67.880 33.2882
0.922794 68.015 32.9482
0.929481 68.151 32.6089
0.936216 68.288 32.2700
0.943000 68.424 31.9313
0.949834 68.562 31.5925
0.956717 68.699 31.2535
0.963649 68.837 30.9141
0.970632 68.975 30.5741
0.977666 69.113 30.2332
0.984750 69.251 29.8913
0.991886 69.390 29.5482
0.999074 69.529 29.2036
1.006314 69.669 28.8573
1.013606 69.808 28.5093
1.020951 69.948 28.1592
1.028349 70.088 27.8068
1.035801 70.228 27.4521
1.043307 70.369 27.0947
1.050867 70.510 26.7346
1.058482 70.650 26.3715
1.066152 70.791 26.0051
1.073878 70.933 25.6355
1.081660 71.074 25.2625
1.089498 71.215 24.8864
1.097393 71.356 24.5078
1.105345 71.498 24.1284
1.113355 71.639 23.7500
1.121423 71.780 23.3737
1.129549 71.921 22.9997
1.137734 72.062 22.6281
1.145979 72.202 22.2590
1.154283 72.343 21.8920
1.162647 72.483 21.5272
1.171072 72.623 21.1643
1.179558 72.763 20.8033
1.188106 72.903 20.4439
1.196715 73.043 20.0860
1.205387 73.182 19.7295
1.214122 73.322 19.3742
1.222920 73.461 19.0200
1.231782 73.600 18.6666
1.240708 73.739 18.3140
1.249699 73.879 17.9619
1.258754 74.018 17.6102
1.267876 74.156 17.2588
1.277063 74.295 16.9074
1.286318 74.434 16.5558
1.295639 74.573 16.2040
1.305027 74.712 15.8517
1.314484 74.851 15.4987
1.324009 74.990 15.1450
1.333604 75.129 14.7902
1.343268 75.268 14.4343
1.353002 75.407 14.0770
1.362806 75.547 13.7182
1.372681 75.686 13.3577
1.382628 75.826 12.9953
1.392647 75.966 12.6309
1.402739 76.106 12.2641
1.412904 76.247 11.8950
1.423142 76.387 11.5232
1.433455 76.529 11.1487
1.443843 76.670 10.7715
1.454305 76.812 10.3917
1.464844 76.954 10.0101
1.475459 77.096 9.6284
1.486150 77.238 9.2481
1.496920 77.380 8.8700
1.507767 77.521 8.4940
1.518693 77.662 8.1201
1.529698 77.803 7.7480
1.540783 77.944 7.3773
1.551948 78.084 7.0078
1.563194 78.224 6.6391
1.574521 78.364 6.2709
1.585931 78.503 5.9028
1.597423 78.642 5.5346
1.608999 78.781 5.1659
1.620658 78.920 4.7964
1.632402 79.059 4.4258
1.644232 79.197 4.0537
1.656146 79.335 3.6797
1.668147 79.473 3.3036
1.680235 79.611 2.9251
1.692411 79.749 2.5437
1.704675 79.887 2.1592
1.717028 80.024 1.7713
1.729470 80.162 1.3795
1.742003 80.300 0.9837
1.754626 80.438 0.5833
1.767341 80.575 0.1782
1.780147 80.713 -0.2320
1.793047 80.851 -0.6477
1.806040 80.990 -1.0690
1.819128 81.128 -1.4958
1.832310 81.266 -1.9277
1.845587 81.404 -2.3633
1.858961 81.542 -2.8014
1.872432 81.680 -3.2413
1.886001 81.817 -3.6827
1.899667 81.953 -4.1254
1.913433 82.089 -4.5693
1.927299 82.225 -5.0145
1.941265 82.360 -5.4610
1.955332 82.495 -5.9087
1.969501 82.630 -6.3578
1.983773 82.764 -6.8083
1.998148 82.897 -7.2603
2.012627 83.031 -7.7138
2.027212 83.164 -8.1691
2.041902 83.297 -8.6261
2.056698 83.430 -9.0852
2.071602 83.562 -9.5464
2.086614 83.694 -10.0100
2.101734 83.826 -10.4760
2.116964 83.958 -10.9449
2.132304 84.090 -11.4167
2.147756 84.222 -11.8917
2.163320 84.353 -12.3701
2.178996 84.485 -12.8522
2.194786 84.616 -13.3380
2.210690 84.747 -13.8273
2.226710 84.878 -14.3198
2.242845 85.008 -14.8151
2.259098 85.138 -15.3129
2.275468 85.267 -15.8130
2.291957 85.395 -16.3152
2.308566 85.523 -16.8194
2.325295 85.651 -17.3254
2.342145 85.777 -17.8332
2.359117 85.904 -18.3426
2.376212 86.030 -18.8537
2.393431 86.155 -19.3664
2.410775 86.280 -19.8807
2.428244 86.405 -20.3966
2.445840 86.529 -20.9142
2.463564 86.653 -21.4336
2.481416 86.776 -21.9548
2.499397 86.900 -22.4780
2.517509 87.023 -23.0034
2.535752 87.146 -23.5311
2.554127 87.269 -24.0614
2.572635 87.391 -24.5949
2.591277 87.513 -25.1317
2.610055 87.634 -25.6722
2.628968 87.754 -26.2160
2.648019 87.874 -26.7629
2.667208 87.993 -27.3125
2.686535 88.111 -27.8646
2.706003 88.229 -28.4189
2.725612 88.346 -28.9752
2.745363 88.463 -29.5332
2.765257 88.579 -30.0927
2.785295 88.694 -30.6535
2.805478 88.809 -31.2156
2.825808 88.924 -31.7788
2.846285 89.038 -32.3430
2.866910 89.152 -32.9082
2.887685 89.265 -33.4744
2.908611 89.378 -34.0420
2.929688 89.491 -34.6113
2.950917 89.603 -35.1835
2.972301 89.715 -35.7592
2.993839 89.825 -36.3385
3.015534 89.935 -36.9214
3.037386 90.044 -37.5072
3.059396 90.153 -38.0957
3.081565 90.261 -38.6864
3.103896 90.368 -39.2789
3.126388 90.474 -39.8727
3.149043 90.580 -40.4677
3.171862 90.685 -41.0633
3.194847 90.790 -41.6594
3.217998 90.894 -42.2557
3.241317 90.998 -42.8520
3.264805 91.101 -43.4483
3.288463 91.204 -44.0451
3.312293 91.307 -44.6434
3.336295 91.408 -45.2443
3.360471 91.509 -45.8485
3.384822 91.609 -46.4558
3.409350 91.709 -47.0658
3.434056 91.807 -47.6782
3.458940 91.905 -48.2924
3.484005 92.002 -48.9080
3.509252 92.098 -49.5245
3.534681 92.194 -50.1415
3.560295 92.290 -50.7587
3.586094 92.384 -51.3756
3.612081 92.479 -51.9920
3.638255 92.572 -52.6081
3.664620 92.666 -53.2244
3.691175 92.758 -53.8422
3.717923 92.850 -54.4627
3.744864 92.941 -55.0860
3.772001 93.032 -55.7121
3.799335 93.121 -56.3402
3.826866 93.210 -56.9701
3.854597 93.298 -57.6010
3.882529 93.385 -58.2325
3.910664 93.472 -58.8641
3.939002 93.558 -59.4952
3.967546 93.644 -60.1255
3.996296 93.729 -60.7549
4.025255 93.813 -61.3837
4.054423 93.897 -62.0132
4.083804 93.981 -62.6445
4.113396 94.063 -63.2782
4.143204 94.145 -63.9141
4.173227 94.225 -64.5517
4.203468 94.305 -65.1904
4.233928 94.385 -65.8298
4.264609 94.463 -66.4691
4.295512 94.541 -67.1078
4.326639 94.619 -67.7455
4.357992 94.696 -68.3820
4.389572 94.772 -69.0174
4.421380 94.848 -69.6531
4.453419 94.923 -70.2901
4.485691 94.997 -70.9289
4.518196 95.070 -71.5695
4.550936 95.143 -72.2111
4.583914 95.215 -72.8533
4.617131 95.286 -73.4953
4.650589 95.356 -74.1365
4.684289 95.426 -74.7764
4.718233 95.496 -75.4144
4.752424 95.564 -76.0509
4.786862 95.632 -76.6866
4.821549 95.700 -77.3228
4.856488 95.766 -77.9600
4.891680 95.832 -78.5981
4.927127 95.897 -79.2366
4.962831 95.961 -79.8747
4.998794 96.025 -80.5120
5.035017 96.088 -81.1476
5.071503 96.150 -81.7811
5.108253 96.212 -82.4124
5.145270 96.274 -83.0418
5.182555 96.335 -83.6706
5.220110 96.395 -84.2993
5.257937 96.454 -84.9280
5.296038 96.513 -85.5563
5.334415 96.571 -86.1837
5.373071 96.628 -86.8096
5.412006 96.685 -87.4336
5.451224 96.742 -88.0552
5.490725 96.798 -88.6744
5.530514 96.854 -89.2917
5.570590 96.909 -89.9078
5.610957 96.964 -90.5231
5.651616 97.018 -91.1375
5.692570 97.071 -91.7509
5.733821 97.124 -92.3630
5.775370 97.177 -92.9734
5.817221 97.230 -93.5820
5.859375 97.282 -94.1887
5.901834 97.334 -94.7937
5.944602 97.386 -95.3975
5.987679 97.438 -96.0004
6.031068 97.488 -96.6025
6.074771 97.539 -97.2039
6.118792 97.590 -97.8046
6.163131 97.640 -98.4046
6.207792 97.690 -99.0041
6.252776 97.740 -99.6031
6.298086 97.790 -100.2018
6.343725 97.839 -100.8003
6.389694 97.888 -101.3989
6.435996 97.937 -101.9978
6.482634 97.986 -102.5971
6.529610 98.034 -103.1970
6.576926 98.083 -103.7978
6.624585 98.131 -104.3997
6.672590 98.178 -105.0029
6.720942 98.226 -105.6075
6.769645 98.273 -106.2133
6.818700 98.320 -106.8205
6.868111 98.366 -107.4288
6.917881 98.412 -108.0386
6.968010 98.457 -108.6501
7.018504 98.502 -109.2637
7.069362 98.546 -109.8798
7.120590 98.589 -110.4979
7.172189 98.632 -111.1175
7.224161 98.675 -111.7381
7.276511 98.716 -112.3594
7.329239 98.757 -112.9813
7.382350 98.797 -113.6048
7.435845 98.836 -114.2302
7.489729 98.874 -114.8569
7.544002 98.911 -115.4841
7.598669 98.947 -116.1106
7.653732 98.983 -116.7356
7.709194 99.017 -117.3591
7.765058 99.050 -117.9820
7.821327 99.082 -118.6046
7.878004 99.113 -119.2260
7.935091 99.143 -119.8452
7.992592 99.172 -120.4608
8.050510 99.201 -121.0723
8.108847 99.228 -121.6797
8.167607 99.254 -122.2837
8.226793 99.279 -122.8842
8.286408 99.304 -123.4806
8.346454 99.327 -124.0719
8.406936 99.350 -124.6575
8.467856 99.373 -125.2371
8.529218 99.395 -125.8110
8.591024 99.416 -126.3796
8.653278 99.436 -126.9430
8.715983 99.457 -127.5011
8.779143 99.477 -128.0538
8.842760 99.497 -128.6008
8.906839 99.517 -129.1423
8.971381 99.537 -129.6788
9.036392 99.557 -130.2111
9.101873 99.577 -130.7399
9.167829 99.597 -131.2655
9.234263 99.617 -131.7878
9.301178 99.637 -132.3070
9.368578 99.657 -132.8238
9.436467 99.678 -133.3391
9.504847 99.698 -133.8540
9.573723 99.718 -134.3687
9.643099 99.739 -134.8830
9.712976 99.759 -135.3973
9.783361 99.780 -135.9120
9.854255 99.800 -136.4276
9.925663 99.820 -136.9446
9.997588 99.839 -137.4632
10.070035 99.858 -137.9829
10.143007 99.877 -138.5036
10.216507 99.895 -139.0251
10.290540 99.912 -139.5473
10.365109 99.928 -140.0705
10.440219 99.944 -140.5943
10.515873 99.959 -141.1178
10.592076 99.973 -141.6403
10.668830 99.986 -142.1615
10.746141 99.998 -142.6815
10.824012 100.009 -143.2000
10.902447 100.020 -143.7160
10.981451 100.029 -144.2290
11.061027 100.038 -144.7386
11.141180 100.046 -145.2449
11.221913 100.054 -145.7479
11.303232 100.060 -146.2474
11.385140 100.067 -146.7430
11.467641 100.073 -147.2348
11.550741 100.078 -147.7231
11.634442 100.083 -148.2085
11.718750 100.088 -148.6912
11.803669 100.093 -149.1715
11.889203 100.098 -149.6495
11.975357 100.102 -150.1260
12.062136 100.106 -150.6018
12.149543 100.110 -151.0772
12.237583 100.113 -151.5524
12.326262 100.117 -152.0278
12.415583 100.120 -152.5040
12.505552 100.122 -152.9811
12.596172 100.124 -153.4595
12.687449 100.125 -153.9388
12.779387 100.126 -154.4190
12.871992 100.126 -154.9000
12.965268 100.125 -155.3817
13.059220 100.123 -155.8637
13.153852 100.120 -156.3450
13.249170 100.116 -156.8254
13.345179 100.111 -157.3045
13.441884 100.104 -157.7816
13.539289 100.097 -158.2558
13.637401 100.090 -158.7267
13.736223 100.081 -159.1940
13.835761 100.071 -159.6572
13.936021 100.060 -160.1157
14.037007 100.049 -160.5694
14.138725 100.038 -161.0182
14.241180 100.025 -161.4622
14.344377 100.013 -161.9016
14.448323 100.000 -162.3364
14.553021 99.987 -162.7670
14.658478 99.974 -163.1942
14.764700 99.961 -163.6182
14.871691 99.947 -164.0394
14.979457 99.934 -164.4584
15.088005 99.920 -164.8759
15.197339 99.906 -165.2919
15.307465 99.892 -165.7067
15.418389 99.877 -166.1204
15.530117 99.862 -166.5329
15.642655 99.846 -166.9440
15.756008 99.830 -167.3530
15.870182 99.813 -167.7595
15.985184 99.795 -168.1627
16.101019 99.776 -168.5617
16.217694 99.757 -168.9556
16.335214 99.737 -169.3438
16.453586 99.716 -169.7254
16.572815 99.695 -170.1000
16.692909 99.674 -170.4672
16.813872 99.653 -170.8273
16.935713 99.632 -171.1806
17.058436 99.611 -171.5276
17.182048 99.590 -171.8697
17.306556 99.570 -172.2080
17.431967 99.551 -172.5436
17.558286 99.532 -172.8782
17.685521 99.513 -173.2131
17.813677 99.495 -173.5490
17.942762 99.476 -173.8866
18.072783 99.457 -174.2260
18.203746 99.437 -174.5666
18.335658 99.416 -174.9073
18.468526 99.394 -175.2467
18.602356 99.371 -175.5831
18.737156 99.347 -175.9142
18.872934 99.322 -176.2385
19.009695 99.296 -176.5547
19.147447 99.270 -176.8618
19.286197 99.244 -177.1600
19.425953 99.218 -177.4507
19.566721 99.193 -177.7355
19.708510 99.170 -178.0173
19.851326 99.147 -178.2997
19.995177 99.125 -178.5856
20.140070 99.103 -178.8782
20.286013 99.081 -179.1796
20.433014 99.058 -179.4900
20.581080 99.034 -179.8087
20.730219 99.008 179.8669
20.880439 98.978 179.5417
21.031747 98.946 179.2212
21.184152 98.910 178.9117
21.337661 98.871 178.6203
21.492282 98.831 178.3520
21.648024 98.790 178.1107
21.804895 98.749 177.8983
21.962902 98.710 177.7126
22.122054 98.675 177.5496
22.282360 98.643 177.4023
22.443827 98.617 177.2612
22.606464 98.595 177.1177
22.770280 98.577 176.9623
22.935283 98.562 176.7884
23.101481 98.549 176.5917
23.268884 98.536 176.3711
23.437500 98.522 176.1295
23.607338 98.506 175.8716
23.778406 98.488 175.6048
23.950714 98.466 175.3369
24.124271 98.442 175.0747
24.299086 98.416 174.8240
24.475167 98.389 174.5879
24.652524 98.362 174.3670
24.831166 98.335 174.1601
25.011103 98.310 173.9641
25.192344 98.285 173.7763
25.374898 98.262 173.5939
25.558775 98.239 173.4160
25.743984 98.216 173.2435
25.930536 98.192 173.0785
26.118439 98.169 172.9243
26.307704 98.146 172.7838
26.498341 98.123 172.6584
26.690359 98.103 172.5475
26.883768 98.085 172.4476
27.078579 98.069 172.3533
27.274801 98.057 172.2573
27.472446 98.048 172.1522
27.671522 98.041 172.0317
27.872042 98.034 171.8919
28.074014 98.026 171.7317
28.277450 98.016 171.5535
28.482360 98.003 171.3617
28.688755 97.986 171.1638
28.896645 97.965 170.9673
29.106042 97.940 170.7808
29.316957 97.910 170.6122
29.529400 97.878 170.4684
29.743382 97.843 170.3552
29.958915 97.808 170.2764
30.176009 97.774 170.2327
30.394677 97.742 170.2216
30.614929 97.715 170.2358
30.836778 97.695 170.2635
31.060234 97.681 170.2898
31.285309 97.673 170.2971
31.512015 97.671 170.2702
31.740364 97.672 170.1977
31.970368 97.673 170.0756
32.202039 97.671 169.9083
32.435388 97.664 169.7080
32.670428 97.650 169.4922
32.907171 97.631 169.2791
33.145630 97.607 169.0852
33.385817 97.582 168.9187
33.627745 97.557 168.7801
33.871425 97.535 168.6606
34.116871 97.517 168.5466
34.364096 97.504 168.4238
34.613113 97.493 168.2812
34.863934 97.482 168.1159
35.116572 97.469 167.9323
35.371041 97.453 167.7413
35.627354 97.435 167.5559
35.885525 97.414 167.3865
36.145566 97.393 167.2385
36.407492 97.374 167.1101
36.671316 97.358 166.9944
36.937051 97.345 166.8822
37.204712 97.334 166.7654
37.474313 97.324 166.6400
37.745867 97.315 166.5065
38.019389 97.305 166.3680
38.294893 97.295 166.2284
38.572394 97.285 166.0891
38.851905 97.276 165.9489
39.133442 97.266 165.8048
39.417019 97.257 165.6539
39.702651 97.247 165.4958
39.990353 97.235 165.3328
40.280140 97.222 165.1697
40.572026 97.206 165.0115
40.866028 97.190 164.8618
41.162160 97.174 164.7219
41.460438 97.157 164.5918
41.760877 97.142 164.4713
42.063494 97.128 164.3600
42.368303 97.115 164.2560
42.675322 97.107 164.1535
42.984565 97.102 164.0414
43.296048 97.101 163.9055
43.609789 97.101 163.7336
43.925804 97.100 163.5220
44.244108 97.095 163.2809
44.564719 97.083 163.0327
44.887654 97.065 162.8029
45.212928 97.045 162.6098
45.540560 97.026 162.4557
45.870565 97.011 162.3258
46.202962 97.003 162.1954
46.537768 96.999 162.0419
46.875000 96.996 161.8564
47.214676 96.989 161.6458
47.556813 96.979 161.4262
47.901429 96.966 161.2127
48.248542 96.951 161.0119
48.598171 96.936 160.8217
48.950334 96.922 160.6362
49.305048 96.906 160.4526
49.662333 96.890 160.2720
50.022206 96.873 160.0979
50.384688 96.856 159.9311
50.749796 96.840 159.7676
51.117550 96.825 159.6003
51.487969 96.811 159.4234
51.861072 96.795 159.2363
52.236879 96.778 159.0445
52.615409 96.759 158.8566
52.996681 96.739 158.6798
53.380717 96.720 158.5149
53.767536 96.703 158.3548
54.157158 96.690 158.1868
54.549603 96.678 157.9992
54.944892 96.667 157.7883
55.343045 96.654 157.5600
55.744084 96.638 157.3259
56.148028 96.620 157.0956
56.554900 96.602 156.8741
56.964720 96.583 156.6645
57.377510 96.564 156.4717
57.793291 96.546 156.2997
58.212085 96.531 156.1425
58.633914 96.520 155.9822
59.058799 96.512 155.8010
59.486764 96.501 155.5989
59.917829 96.485 155.3980
60.352019 96.466 155.2230
60.789354 96.447 155.0755
61.229859 96.432 154.9321
61.673556 96.416 154.7697
62.120468 96.396 154.5916
62.570618 96.371 154.4205
63.024031 96.344 154.2680
63.480729 96.317 154.1205
63.940736 96.288 153.9645
64.404077 96.255 153.8190
64.870776 96.220 153.7225
65.340856 96.194 153.6764
65.814343 96.184 153.6119
66.291261 96.186 153.4350
66.771635 96.184 153.1160
67.255489 96.165 152.7229
67.742850 96.129 152.3647
68.233743 96.088 152.1010
68.728193 96.052 151.9099
69.226226 96.025 151.7319
69.727867 96.000 151.5351
70.233144 95.973 151.3326
70.742083 95.943 151.1544
71.254709 95.913 151.0145
71.771050 95.887 150.9019
72.291132 95.866 150.7903
72.814984 95.848 150.6524
73.342631 95.830 150.4738
73.874102 95.808 150.2596
74.409424 95.782 150.0295
74.948626 95.753 149.8029
75.491734 95.724 149.5851
76.038779 95.697 149.3655
76.589787 95.673 149.1289
77.144788 95.648 148.8754
77.703811 95.620 148.6277
78.266885 95.592 148.4127
78.834039 95.568 148.2335
79.405303 95.549 148.0661
79.980706 95.532 147.8865
80.560280 95.513 147.6957
81.144053 95.491 147.5112
81.732056 95.465 147.3404
82.324320 95.436 147.1771
82.920876 95.404 147.0170
83.521755 95.369 146.8664
84.126988 95.333 146.7299
84.736607 95.298 146.5981
85.350643 95.266 146.4546
85.969129 95.235 146.2915
86.592097 95.205 146.1163
87.219579 95.176 145.9405
87.851608 95.149 145.7659
88.488217 95.124 145.5855
89.129439 95.098 145.4005
89.775308 95.071 145.2269
90.425856 95.043 145.0778
91.081119 95.016 144.9453
91.741131 94.990 144.8080
92.405925 94.964 144.6539
93.075536 94.935 144.4858
93.750000 94.904 144.3085
94.429351 94.871 144.1231
95.113625 94.837 143.9357
95.802858 94.801 143.7642
96.497085 94.766 143.6235
97.196342 94.736 143.5044
97.900667 94.711 143.3797
98.610096 94.687 143.2330
99.324665 94.661 143.0717
100.044413 94.631 142.9099
100.769376 94.598 142.7527
101.499592 94.562 142.6011
102.235100 94.523 142.4574
102.975938 94.485 142.3192
103.722144 94.449 142.1742
104.473757 94.415 142.0093
105.230817 94.380 141.8315
105.993363 94.346 141.6646
106.761435 94.314 141.5175
107.535072 94.285 141.3778
108.314315 94.259 141.2365
109.099206 94.234 141.0855
109.889783 94.208 140.9076
110.686090 94.177 140.7026
111.488167 94.136 140.5065
112.296056 94.089 140.3595
113.109800 94.042 140.2672
113.929440 93.994 140.2117
114.755020 93.948 140.1862
115.586582 93.901 140.1785
116.424170 93.851 140.1645
117.267827 93.794 140.1657
118.117598 93.736 140.2340
118.973527 93.693 140.3185
119.835658 93.670 140.2442
120.704037 93.648 139.9103
121.578708 93.611 139.4158
122.459718 93.559 138.9340
123.347111 93.504 138.5690
124.240935 93.459 138.3364
125.141236 93.422 138.2035
126.048061 93.384 138.1669
126.961458 93.338 138.2593
127.881473 93.282 138.4815
128.808154 93.215 138.8158
129.741551 93.147 139.2417
130.681712 93.091 139.6596
131.628686 93.055 139.9113
132.582521 93.031 139.9377
133.543269 93.021 139.8096
134.510979 93.027 139.5903
135.485701 93.050 139.3132
136.467486 93.083 139.0447
137.456386 93.121 138.8234
138.452451 93.155 138.6295
139.455735 93.174 138.4460
140.466288 93.172 138.2846
141.484165 93.152 138.1464
142.509418 93.122 137.9976
143.542100 93.089 137.8132
144.582265 93.059 137.5858
145.629968 93.034 137.3131
146.685262 93.011 137.0239
147.748204 92.987 136.7735
148.818849 92.958 136.6097
149.897251 92.926 136.5448
150.983469 92.893 136.5399
152.077557 92.861 136.5192
153.179574 92.826 136.4248
154.289576 92.785 136.2572
155.407622 92.742 136.0508
156.533770 92.701 135.8321
157.668078 92.666 135.6208
158.810606 92.639 135.4287
159.961413 92.616 135.2545
161.120559 92.594 135.0992
162.288105 92.570 134.9694
163.464112 92.544 134.8572
164.648640 92.515 134.7370
165.841752 92.480 134.6051
167.043510 92.441 134.4813
168.253976 92.399 134.3871
169.473213 92.360 134.3167
170.701286 92.325 134.2397
171.938258 92.294 134.1278
173.184194 92.264 133.9682
174.439158 92.234 133.7634
175.703216 92.201 133.5416
176.976434 92.167 133.3508
178.258878 92.134 133.2172
179.550615 92.105 133.1324
180.851713 92.080 133.0616
182.162239 92.054 132.9741
183.482262 92.025 132.8606
184.811850 91.991 132.7299
186.151073 91.955 132.6014
187.500000 91.918 132.4886
188.858702 91.882 132.3896
190.227250 91.846 132.2927
191.605715 91.808 132.2012
192.994169 91.770 132.1175
194.392685 91.733 132.0210
195.801334 91.699 131.8953
197.220191 91.667 131.7505
198.649330 91.636 131.6058
200.088825 91.605 131.4788
201.538751 91.575 131.3870
202.999184 91.544 131.3230
204.470200 91.514 131.2667
205.951875 91.484 131.2090
207.444287 91.453 131.1484
208.947514 91.423 131.0852
210.461634 91.394 131.0200
211.986726 91.365 130.9529
213.522869 91.334 130.8897
215.070144 91.302 130.8382
216.628631 91.269 130.7971
218.198411 91.236 130.7538
219.779567 91.203 130.6965
221.372180 91.169 130.6269
222.976334 91.135 130.5547
224.592112 91.102 130.4812
226.219600 91.069 130.4064
227.858880 91.035 130.3422
229.510039 91.000 130.2968
231.173164 90.964 130.2646
232.848340 90.927 130.2316
234.535655 90.892 130.1837
236.235197 90.859 130.1152
237.947054 90.827 130.0265
239.671317 90.795 129.9312
241.408074 90.760 129.8536
243.157416 90.725 129.7938
244.919435 90.688 129.7440
246.694223 90.648 129.7104
248.481871 90.607 129.7040
250.282473 90.566 129.7179
252.096123 90.530 129.7145
253.922915 90.497 129.6649
255.762945 90.466 129.5806
257.616309 90.432 129.4943
259.483103 90.393 129.4245
261.363424 90.347 129.3726
263.257372 90.296 129.3516
265.165043 90.249 129.3717
267.086538 90.211 129.4041
269.021957 90.178 129.4147
270.971401 90.143 129.4064
272.934972 90.102 129.3928
274.912771 90.057 129.3891
276.904902 90.013 129.3992
278.911469 89.971 129.4219
280.932577 89.926 129.4694
282.968330 89.875 129.5480
285.018835 89.822 129.6317
287.084199 89.768 129.6872
289.164530 89.716 129.7071
291.259935 89.664 129.7215
293.370525 89.610 129.8059
295.496408 89.557 129.9845
297.637697 89.511 130.2026
299.794503 89.472 130.4355
301.966937 89.441 130.7240
304.155114 89.417 131.1127
306.359147 89.399 131.5983
308.579152 89.391 132.1014
310.815244 89.398 132.5054
313.067539 89.427 132.7488
315.336156 89.471 132.8301
317.621211 89.515 132.7927
319.922826 89.545 132.6805
322.241118 89.557 132.5065
324.576210 89.557 132.2701
326.928223 89.549 132.0182
329.297280 89.533 131.8159
331.683504 89.509 131.6753
334.087019 89.479 131.5590
336.507952 89.445 131.4403
338.946427 89.409 131.3338
341.402572 89.371 131.2675
343.876516 89.334 131.2474
346.368387 89.297 131.2606
348.878315 89.259 131.3049
351.406431 89.223 131.3870
353.952867 89.193 131.4900
356.517756 89.168 131.5809
359.101230 89.147 131.6356
361.703426 89.127 131.6544
364.324478 89.105 131.6577
366.964523 89.083 131.6535
369.623699 89.060 131.6439
372.302145 89.037 131.6475
375.000000 89.014 131.6811
377.717405 88.992 131.7310
380.454501 88.969 131.7770
383.211431 88.946 131.8132
385.988339 88.920 131.8513
388.785369 88.893 131.9058
391.602668 88.865 131.9610
394.440383 88.835 131.9851
397.298660 88.806 131.9874
400.177650 88.782 131.9962
403.077502 88.759 132.0229
405.998368 88.735 132.0685
408.940400 88.708 132.1264
411.903750 88.683 132.1956
414.888575 88.660 132.2757
417.895028 88.639 132.3520
420.923268 88.618 132.4080
423.973452 88.595 132.4551
427.045738 88.570 132.5188
430.140287 88.544 132.6059
433.257261 88.519 132.7103
436.396822 88.494 132.8267
439.559133 88.469 132.9473
442.744360 88.446 133.0623
445.952668 88.422 133.1681
449.184225 88.398 133.2691
452.439199 88.374 133.3654
455.717760 88.350 133.4593
459.020079 88.327 133.5556
462.346327 88.306 133.6575
465.696680 88.287 133.7708
469.071310 88.269 133.8953
472.470394 88.252 134.0204
475.894109 88.235 134.1406
479.342634 88.218 134.2614
482.816148 88.201 134.3889
486.314833 88.186 134.5305
489.838871 88.171 134.6848
493.388445 88.155 134.8351
496.963741 88.138 134.9726
500.564945 88.122 135.1038
504.192245 88.105 135.2353
507.845830 88.089 135.3725
511.525890 88.073 135.5182
515.232618 88.056 135.6675
518.966206 88.041 135.8140
522.726849 88.027 135.9536
526.514743 88.016 136.0847
530.330086 88.008 136.2184
534.173076 88.000 136.3667
538.043915 87.992 136.5327
541.942803 87.983 136.7066
545.869944 87.975 136.8732
549.825542 87.967 137.0334
553.809805 87.960 137.1995
557.822939 87.955 137.3648
561.865154 87.951 137.5118
565.936660 87.947 137.6465
570.037671 87.943 137.7882
574.168399 87.940 137.9348
578.329060 87.939 138.0670
582.519870 87.938 138.1659
586.741049 87.935 138.2245
590.992817 87.931 138.2480
595.275394 87.928 138.2469
599.589005 87.926 138.2352
603.933874 87.922 138.2337
608.310228 87.918 138.2505
612.718295 87.915 138.2603
617.158304 87.914 138.2551
621.630488 87.916 138.2437
626.135079 87.918 138.2317
630.672311 87.920 138.2281
635.242423 87.923 138.2242
639.845651 87.927 138.2050
644.482237 87.933 138.1794
649.152421 87.939 138.1675
653.856447 87.943 138.1711
658.594560 87.946 138.1787
663.367008 87.949 138.1724
668.174039 87.953 138.1404
673.015903 87.959 138.0939
677.892854 87.967 138.0574
682.805145 87.976 138.0282
687.753032 87.989 137.9916
692.736774 88.004 137.9486
697.756631 88.020 137.8988
702.812863 88.037 137.8347
707.905735 88.052 137.7568
713.035511 88.065 137.6718
718.202461 88.078 137.5864
723.406852 88.089 137.5101
728.648956 88.102 137.4498
733.929047 88.119 137.4001
739.247399 88.139 137.3350
744.604290 88.161 137.2462
750.000000 88.182 137.1460
755.434809 88.202 137.0410
760.909001 88.222 136.9245
766.422861 88.243 136.7909
771.976677 88.262 136.6507
777.570739 88.280 136.5157
783.205337 88.297 136.3753
788.880766 88.316 136.2161
794.597321 88.339 136.0467
800.355301 88.364 135.8817
806.155005 88.388 135.7219
811.996736 88.410 135.5625
817.880799 88.430 135.3909
823.807501 88.450 135.1937
829.777150 88.472 134.9762
835.790057 88.496 134.7592
841.846536 88.518 134.5444
847.946903 88.539 134.3159
854.091476 88.557 134.0784
860.280575 88.576 133.8467
866.514523 88.592 133.6222
872.793644 88.607 133.3989
879.118267 88.620 133.1751
885.488720 88.635 132.9522
891.905336 88.650 132.7256
898.368450 88.666 132.4907
904.878398 88.680 132.2544
911.435520 88.693 132.0273
918.040157 88.705 131.8150
924.692655 88.717 131.6163
931.393359 88.730 131.4266
938.142619 88.744 131.2446
944.940787 88.760 131.0733
951.788218 88.777 130.9157
958.685268 88.794 130.7692
965.632296 88.813 130.6258
972.629666 88.834 130.4846
979.677741 88.858 130.3519
986.776890 88.883 130.2311
993.927482 88.912 130.1129
1001.129891 88.943 129.9881
1008.384491 88.976 129.8551
1015.691660 89.013 129.7102
1023.051781 89.052 129.5526
1030.465236 89.096 129.3885
1037.932411 89.144 129.2214
1045.453698 89.196 129.0456
1053.029486 89.251 128.8531
1060.660172 89.308 128.6362
1068.346153 89.368 128.3958
1076.087829 89.429 128.1362
1083.885605 89.491 127.8589
1091.739887 89.554 127.5612
1099.651084 89.617 127.2333
1107.619609 89.680 126.8690
1115.645878 89.744 126.4774
1123.730308 89.810 126.0702
1131.873321 89.877 125.6458
1140.075341 89.944 125.1999
1148.336797 90.009 124.7315
1156.658119 90.072 124.2434
1165.039741 90.135 123.7375
1173.482099 90.198 123.2094
1181.985634 90.259 122.6561
1190.550789 90.318 122.0870
1199.178011 90.375 121.5172
1207.867749 90.430 120.9547
1216.620457 90.484 120.3910
1225.436590 90.538 119.8122
1234.316609 90.592 119.2104
1243.260976 90.642 118.5861
1252.270157 90.690 117.9461
1261.344623 90.734 117.3056
1270.484846 90.777 116.6715
1279.691303 90.818 116.0359
1288.964474 90.857 115.3885
1298.304842 90.897 114.7292
1307.712894 90.936 114.0646
1317.189120 90.976 113.4011
1326.734016 91.015 112.7433
1336.348077 91.052 112.0846
1346.031806 91.089 111.4213
1355.785708 91.125 110.7628
1365.610290 91.162 110.1161
1375.506065 91.199 109.4765
1385.473549 91.237 108.8375
1395.513261 91.275 108.2012
1405.625726 91.314 107.5589
1415.811469 91.355 106.8959
1426.071023 91.397 106.2097
1436.404921 91.439 105.5145
1446.813703 91.478 104.8284
1457.297912 91.513 104.1573
1467.858093 91.548 103.5016
1478.494798 91.588 102.8609
1489.208581 91.630 102.2192
1500.000000 91.673 101.5609
1510.869618 91.716 100.8854
1521.818002 91.762 100.1898
1532.845723 91.809 99.4711
1543.953355 91.858 98.7448
1555.141477 91.907 98.0303
1566.410674 91.956 97.3215
1577.761531 92.006 96.6065
1589.194642 92.057 95.8887
1600.710601 92.107 95.1582
1612.310010 92.159 94.4053
1623.993473 92.211 93.6377
1635.761599 92.262 92.8632
1647.615002 92.314 92.0842
1659.554299 92.367 91.2932
1671.580114 92.421 90.4812
1683.693072 92.478 89.6569
1695.893807 92.535 88.8345
1708.182952 92.593 88.0139
1720.561150 92.652 87.1782
1733.029045 92.711 86.3217
1745.587288 92.771 85.4463
1758.236533 92.831 84.5538
1770.977440 92.892 83.6474
1783.810673 92.952 82.7325
1796.736900 93.010 81.8140
1809.756796 93.069 80.8897
1822.871040 93.129 79.9501
1836.080315 93.190 78.9952
1849.385310 93.251 78.0359
1862.786718 93.313 77.0814
1876.285239 93.379 76.1292
1889.881575 93.448 75.1564
1903.576436 93.514 74.1511
1917.370535 93.574 73.1199
1931.264593 93.629 72.0734
1945.259332 93.685 71.0193
1959.355483 93.744 69.9578
1973.553781 93.806 68.8732
1987.854965 93.871 67.7592
2002.259781 93.936 66.6386
2016.768981 94.003 65.5188
2031.383320 94.071 64.3887
2046.103561 94.137 63.2476
2060.930471 94.202 62.0902
2075.864823 94.266 60.9001
2090.907395 94.330 59.6932
2106.058972 94.394 58.5107
2121.320344 94.457 57.3511
2136.692305 94.517 56.1853
2152.175658 94.574 54.9872
2167.771210 94.630 53.7633
2183.479774 94.687 52.5494
2199.302169 94.745 51.3539
2215.239219 94.806 50.1609
2231.291755 94.869 48.9725
2247.460615 94.932 47.8005
2263.746641 94.993 46.6427
2280.150683 95.056 45.4970
2296.673595 95.126 44.3770
2313.316238 95.206 43.2909
2330.079481 95.296 42.2133
2346.964198 95.397 41.1115
2363.971268 95.508 39.9712
2381.101578 95.630 38.7744
2398.356022 95.760 37.4927
2415.735498 95.896 36.0965
2433.240913 96.035 34.5695
2450.873180 96.176 32.9308
2468.633217 96.312 31.2151
2486.521951 96.439 29.4438
2504.540314 96.556 27.6227
2522.689246 96.664 25.7571
2540.969692 96.764 23.8655
2559.382606 96.858 21.9686
2577.928947 96.950 20.0751
2596.609683 97.039 18.1772
2615.425787 97.126 16.2709
2634.378241 97.212 14.3546
2653.468031 97.296 12.4225
2672.696154 97.379 10.4766
2692.063613 97.460 8.5167
2711.571415 97.541 6.5328
2731.220579 97.624 4.5282
2751.012130 97.707 2.4996
2770.947098 97.790 0.4399
2791.026522 97.871 -1.6440
2811.251451 97.952 -3.7464
2831.622938 98.032 -5.8668
2852.142045 98.110 -8.0026
2872.809842 98.186 -10.1618
2893.627406 98.260 -12.3660
2914.595823 98.331 -14.6185
2935.716186 98.400 -16.9026
2956.989596 98.464 -19.2044
2978.417161 98.516 -21.4565
3000.000000 98.559 -23.5218
3021.739237 98.606 -25.2639
3043.636005 98.670 -26.5945
3065.691446 98.752 -27.5020
3087.906710 98.837 -28.0546
3110.282955 98.910 -28.3799
3132.821347 98.964 -28.6048
3155.523062 99.006 -28.7788
3178.389283 99.044 -28.9141
3201.421202 99.079 -29.0287
3224.620020 99.112 -29.1234
3247.986946 99.142 -29.2129
3271.523198 99.169 -29.3223
3295.230004 99.192 -29.4503
3319.108599 99.213 -29.5790
3343.160228 99.231 -29.6886
3367.386145 99.244 -29.7651
3391.787613 99.249 -29.8122
3416.365904 99.247 -29.8406
3441.122300 99.239 -29.8648
3466.058091 99.225 -29.8851
3491.174576 99.204 -29.8795
3516.473066 99.174 -29.8383
3541.954880 99.132 -29.7773
3567.621345 99.084 -29.7062
3593.473800 99.030 -29.6046
3619.513592 98.970 -29.4524
3645.742080 98.900 -29.2294
3672.160630 98.821 -28.9102
3698.770620 98.732 -28.4844
3725.573436 98.639 -27.9641
3752.570477 98.547 -27.3692
3779.763150 98.462 -26.7233
3807.152872 98.384 -26.0351
3834.741071 98.311 -25.3064
3862.529185 98.239 -24.5544
3890.518664 98.166 -23.7862
3918.710966 98.095 -22.9816
3947.107561 98.022 -22.1407
3975.709929 97.947 -21.3068
4004.519563 97.868 -20.4990
4033.537962 97.782 -19.6929
4062.766641 97.689 -18.8586
4092.207123 97.589 -17.9940
4121.860942 97.484 -17.1087
4151.729646 97.375 -16.2216
4181.814790 97.259 -15.3301
4212.117944 97.134 -14.3905
4242.640687 96.997 -13.3730
4273.384610 96.844 -12.2952
4304.351317 96.678 -11.1781
4335.542421 96.499 -10.0017
4366.959549 96.310 -8.7367
4398.604338 96.110 -7.3607
4430.478438 95.897 -5.8567
4462.583511 95.669 -4.2151
4494.921231 95.428 -2.4302
4527.493283 95.179 -0.4865
4560.301365 94.924 1.6449
4593.347189 94.669 3.9772
4626.632476 94.413 6.5060
4660.158962 94.160 9.2238
4693.928395 93.916 12.1134
4727.942535 93.685 15.1395
4762.203156 93.471 18.2864
4796.712043 93.272 21.5647
4831.470996 93.086 24.9635
4866.481826 92.910 28.4585
4901.746360 92.747 32.0261
4937.266434 92.595 35.6580
4973.043902 92.457 39.3540
5009.080628 92.335 43.1010
5045.378492 92.226 46.8834
5081.939384 92.124 50.6911
5118.765212 92.023 54.5237
5155.857894 91.923 58.3856
5193.219366 91.825 62.2989
5230.851574 91.734 66.2841
5268.756481 91.652 70.3291
5306.936062 91.576 74.4193
5345.392309 91.502 78.5539
5384.127225 91.426 82.7593
5423.142830 91.349 87.0562
5462.441159 91.275 91.4362
5502.024259 91.206 95.8876
5541.894195 91.142 100.4140
5582.053045 91.085 105.0264
5622.502902 91.034 109.7379
5663.245876 90.990 114.5469
5704.284090 90.954 119.4399
5745.619684 90.930 124.3933
5787.254813 90.917 129.3879
5829.191647 90.912 134.4130
5871.432373 90.913 139.4710
5913.979192 90.917 144.5823
5956.834323 90.921 149.7819
6000.000000 90.928 155.0950
6043.478473 90.944 160.5255
6087.272010 90.970 166.0535
6131.382892 91.006 171.6532
6175.813420 91.051 177.3205
6220.565910 91.104 -176.9396
6265.642695 91.170 -171.1323
6311.046124 91.249 -165.2553
6356.778566 91.341 -159.3026
6402.842404 91.448 -153.2761
6449.240040 91.572 -147.1885
6495.973891 91.712 -141.0520
6543.046396 91.865 -134.8973
6590.460007 92.029 -128.7482
6638.217197 92.205 -122.5929
6686.320456 92.395 -116.3984
6734.772290 92.601 -110.1594
6783.575226 92.822 -103.8984
6832.731809 93.055 -97.6393
6882.244600 93.299 -91.3814
6932.116181 93.554 -85.1301
6982.349153 93.824 -78.9080
7032.946133 94.109 -72.7184
7083.909760 94.411 -66.5450
7135.242690 94.730 -60.3864
7186.947600 95.062 -54.2728
7239.027185 95.408 -48.2114
7291.484160 95.770 -42.2046
7344.321260 96.149 -36.2880
7397.541239 96.546 -30.4862
7451.146872 96.960 -24.7929
7505.140954 97.391 -19.2169
7559.526299 97.840 -13.7987
7614.305743 98.309 -8.5962
7669.482141 98.795 -3.6657
7725.058371 99.298 0.9329
7781.037328 99.814 5.1037
7837.421932 100.329 8.7203
7894.215122 100.828 11.6566
7951.419859 101.283 13.8217
8009.039125 101.662 15.1881
8067.075924 101.926 15.8118
8125.533282 102.039 15.8624
8184.414245 101.972 15.6156
8243.721885 101.710 15.4162
8303.459292 101.254 15.6459
8363.629581 100.623 16.6546
8424.235888 99.851 18.6868
8485.281374 98.981 21.8622
8546.769221 98.052 26.2022
8608.702634 97.098 31.6454
8671.084842 96.149 38.0564
8733.919097 95.229 45.2449
8797.208675 94.354 52.8883
8860.956876 93.530 60.3906
8925.167022 92.736 67.0323
8989.842461 91.950 72.4483
9054.986566 91.175 76.8281
9120.602731 90.430 80.6839
9186.694378 89.722 84.4308
9253.264952 89.055 88.2560
9320.317925 88.424 92.2228
9387.856790 87.825 96.3752
9455.885071 87.254 100.7329
9524.406312 86.709 105.2750
9593.424086 86.192 109.9507
9662.941992 85.701 114.7319
9732.963653 85.238 119.6333
9803.492719 84.803 124.6559
9874.532869 84.393 129.7687
9946.087805 84.004 134.9668
10018.161257 83.637 140.2836
10090.756983 83.296 145.7253
10163.878768 82.982 151.2588
10237.530423 82.695 156.8631
10311.715789 82.432 162.5201
10386.438732 82.192 168.2116
10461.703149 81.972 173.9371
10537.512962 81.774 179.6998
10613.872125 81.597 -174.4949
10690.784618 81.442 -168.6423
10768.254450 81.312 -162.7459
10846.285661 81.203 -156.8315
10924.882318 81.114 -150.9145
11004.048518 81.043 -144.9724
11083.788390 80.989 -138.9811
11164.106090 80.953 -132.9301
11245.005805 80.936 -126.8146
11326.491752 80.939 -120.6499
11408.568180 80.966 -114.4498
11491.239368 81.019 -108.2227
11574.509626 81.100 -101.9833
11658.383294 81.209 -95.7320
11742.864745 81.344 -89.4568
11827.958384 81.505 -83.1456
11913.668646 81.694 -76.8038
12000.000000 81.912 -70.4606
12086.956947 82.161 -64.1303
12174.544019 82.446 -57.8174
12262.765784 82.770 -51.5237
12351.626840 83.133 -45.2505
12441.131819 83.537 -39.0167
12531.285389 83.986 -32.8471
12622.092249 84.486 -26.7487
12713.557132 85.041 -20.7426
12805.684808 85.654 -14.8645
12898.480079 86.332 -9.1555
12991.947783 87.079 -3.6686
13086.092792 87.902 1.5264
13180.920015 88.807 6.3361
13276.434395 89.803 10.6120
13372.640911 90.888 14.1401
13469.544580 92.051 16.6534
13567.150452 93.261 17.8682
13665.463617 94.464 17.5258
13764.489200 95.587 15.4608
13864.232362 96.544 11.6999
13964.698305 97.252 6.5488
14065.892266 97.651 0.5869
14167.819519 97.720 -5.4419
14270.485380 97.489 -10.7848
14373.895200 97.028 -14.8486
14478.054370 96.428 -17.3190
14582.968320 95.779 -18.1826
14688.642520 95.160 -17.6783
14795.082478 94.625 -16.1591
14902.293745 94.202 -14.0003
15010.281908 93.898 -11.5460
15119.052599 93.702 -9.0996
15228.611486 93.595 -6.9382
15338.964283 93.549 -5.2816
15450.116741 93.531 -4.2694
15562.074656 93.497 -3.9485
15674.843864 93.405 -4.2744
15788.430244 93.213 -5.0857
15902.839718 92.891 -6.1224
16018.078250 92.423 -7.0593
16134.151848 91.811 -7.5328
16251.066563 91.080 -7.2454
16368.828491 90.269 -6.0504
16487.443769 89.413 -3.9822
16606.918584 88.519 -1.2676
16727.259161 87.537 1.6510
16848.471777 86.306 4.1617
16970.562748 84.542 5.7411
17093.538442 81.976 6.4398
17217.405268 78.583 6.7132
17342.169684 74.502 6.8318
17467.838194 69.890 6.9779
17594.417350 64.876 7.4924
17721.913751 59.557 8.8558
17850.334044 54.019 11.2811
17979.684923 48.369 16.3587
18109.973131 42.887 31.1138
18241.205462 38.345 50.7610
18373.388756 35.794 64.8856
18506.529905 34.987 49.3464
18640.635849 34.853 65.1899
18775.713581 34.891 119.6575
18911.770141 34.986 132.6889
19048.812624 35.132 129.7097
19186.848172 35.292 117.7592
19325.883983 35.419 108.0037
19465.927305 35.529 95.9669
19606.985439 35.700 -0.0933
19749.065738 35.984 -17.6472
19892.175609 36.344 -15.9564
20036.322514 36.602 -11.3043
