* Measurement data measured by REW V5.31.3
* Source: Headset (CX31993 HIFI AUDIO), MICROPHONE (Master Volume), R, volume: 0.250
* Format: 256k Log Swept Sine, 1 sweep at -12.0 dBFS with no timing reference
* Dated: 01 11, 25 3:19:50 PM
* REW Settings:
*  C-weighting compensation: Off
*  Target level: 75.0 dB
* Note: ; 
* Measurement: Binary Dynaquattro L
* Smoothing: 1/12 octave
* Frequency Step: 96 ppo
* Start Frequency: 0.36621094 Hz
*
* Freq(Hz) SPL(dB) Phase(degrees)
0.366211 47.949 -100.2686
0.368865 47.975 -100.3766
0.371538 48.013 -100.5367
0.374230 48.060 -100.7345
0.376942 48.112 -100.9579
0.379673 48.169 -101.1981
0.382424 48.227 -101.4490
0.385196 48.288 -101.7071
0.387987 48.349 -101.9703
0.390798 48.411 -102.2374
0.393630 48.473 -102.5077
0.396483 48.536 -102.7808
0.399356 48.600 -103.0566
0.402250 48.664 -103.3348
0.405165 48.728 -103.6155
0.408101 48.793 -103.8985
0.411058 48.859 -104.1837
0.414037 48.924 -104.4711
0.417037 48.991 -104.7607
0.420059 49.058 -105.0523
0.423103 49.125 -105.3460
0.426169 49.193 -105.6417
0.429257 49.261 -105.9393
0.432368 49.330 -106.2388
0.435501 49.399 -106.5401
0.438656 49.469 -106.8431
0.441835 49.540 -107.1478
0.445037 49.610 -107.4542
0.448262 49.682 -107.7623
0.451510 49.754 -108.0718
0.454782 49.826 -108.3829
0.458077 49.899 -108.6954
0.461397 49.972 -109.0093
0.464740 50.046 -109.3246
0.468108 50.121 -109.6412
0.471500 50.196 -109.9591
0.474917 50.271 -110.2782
0.478358 50.348 -110.5985
0.481825 50.424 -110.9199
0.485316 50.502 -111.2425
0.488833 50.579 -111.5662
0.492375 50.658 -111.8909
0.495943 50.737 -112.2166
0.499537 50.816 -112.5433
0.503157 50.896 -112.8710
0.506803 50.977 -113.1996
0.510475 51.058 -113.5292
0.514175 51.140 -113.8597
0.517900 51.223 -114.1910
0.521653 51.306 -114.5233
0.525434 51.389 -114.8564
0.529241 51.474 -115.1903
0.533076 51.558 -115.5251
0.536939 51.644 -115.8608
0.540830 51.730 -116.1973
0.544749 51.817 -116.5346
0.548696 51.904 -116.8728
0.552673 51.992 -117.2119
0.556677 52.081 -117.5519
0.560711 52.170 -117.8927
0.564774 52.260 -118.2345
0.568867 52.351 -118.5771
0.572989 52.442 -118.9207
0.577141 52.534 -119.2653
0.581324 52.626 -119.6109
0.585536 52.720 -119.9575
0.589779 52.813 -120.3051
0.594053 52.908 -120.6539
0.598358 53.003 -121.0037
0.602694 53.099 -121.3548
0.607061 53.196 -121.7070
0.611460 53.293 -122.0606
0.615891 53.391 -122.4154
0.620354 53.490 -122.7716
0.624849 53.590 -123.1292
0.629377 53.690 -123.4882
0.633938 53.791 -123.8488
0.638532 53.893 -124.2110
0.643159 53.995 -124.5748
0.647819 54.098 -124.9404
0.652514 54.202 -125.3077
0.657242 54.307 -125.6769
0.662005 54.412 -126.0480
0.666802 54.518 -126.4212
0.671634 54.625 -126.7964
0.676501 54.733 -127.1738
0.681403 54.842 -127.5534
0.686341 54.951 -127.9353
0.691314 55.061 -128.3197
0.696324 55.172 -128.7065
0.701370 55.283 -129.0958
0.706452 55.395 -129.4877
0.711571 55.507 -129.8821
0.716728 55.619 -130.2788
0.721921 55.731 -130.6776
0.727153 55.843 -131.0782
0.732422 55.953 -131.4797
0.737729 56.061 -131.8815
0.743075 56.168 -132.2828
0.748460 56.274 -132.6829
0.753883 56.380 -133.0813
0.759346 56.485 -133.4777
0.764849 56.590 -133.8719
0.770391 56.695 -134.2638
0.775974 56.801 -134.6534
0.781597 56.907 -135.0406
0.787261 57.012 -135.4254
0.792966 57.118 -135.8080
0.798712 57.225 -136.1883
0.804500 57.331 -136.5664
0.810329 57.438 -136.9424
0.816201 57.545 -137.3164
0.822116 57.652 -137.6884
0.828073 57.760 -138.0585
0.834074 57.868 -138.4268
0.840118 57.976 -138.7934
0.846206 58.084 -139.1584
0.852338 58.193 -139.5219
0.858514 58.302 -139.8841
0.864735 58.411 -140.2449
0.871001 58.520 -140.6047
0.877313 58.630 -140.9633
0.883670 58.739 -141.3212
0.890074 58.850 -141.6782
0.896524 58.960 -142.0346
0.903020 59.071 -142.3904
0.909564 59.182 -142.7460
0.916155 59.293 -143.1013
0.922794 59.404 -143.4565
0.929481 59.516 -143.8118
0.936216 59.628 -144.1673
0.943000 59.741 -144.5232
0.949834 59.854 -144.8797
0.956717 59.967 -145.2368
0.963649 60.080 -145.5947
0.970632 60.194 -145.9537
0.977666 60.308 -146.3139
0.984750 60.422 -146.6754
0.991886 60.536 -147.0384
0.999074 60.651 -147.4031
1.006314 60.767 -147.7697
1.013606 60.882 -148.1383
1.020951 60.999 -148.5091
1.028349 61.115 -148.8823
1.035801 61.232 -149.2580
1.043307 61.349 -149.6365
1.050867 61.467 -150.0178
1.058482 61.585 -150.4021
1.066152 61.703 -150.7896
1.073878 61.822 -151.1800
1.081660 61.941 -151.5735
1.089498 62.061 -151.9697
1.097393 62.181 -152.3681
1.105345 62.301 -152.7682
1.113355 62.421 -153.1694
1.121423 62.542 -153.5712
1.129549 62.662 -153.9730
1.137734 62.783 -154.3746
1.145979 62.904 -154.7758
1.154283 63.025 -155.1767
1.162647 63.146 -155.5770
1.171072 63.267 -155.9768
1.179558 63.389 -156.3762
1.188106 63.510 -156.7751
1.196715 63.631 -157.1736
1.205387 63.753 -157.5717
1.214122 63.874 -157.9696
1.222920 63.996 -158.3672
1.231782 64.118 -158.7645
1.240708 64.240 -159.1618
1.249699 64.362 -159.5590
1.258754 64.484 -159.9562
1.267876 64.606 -160.3535
1.277063 64.729 -160.7510
1.286318 64.851 -161.1487
1.295639 64.974 -161.5468
1.305027 65.097 -161.9454
1.314484 65.220 -162.3445
1.324009 65.343 -162.7442
1.333604 65.467 -163.1446
1.343268 65.590 -163.5459
1.353002 65.714 -163.9482
1.362806 65.838 -164.3515
1.372681 65.962 -164.7561
1.382628 66.087 -165.1618
1.392647 66.212 -165.5690
1.402739 66.337 -165.9777
1.412904 66.462 -166.3879
1.423142 66.588 -166.7997
1.433455 66.713 -167.2131
1.443843 66.840 -167.6278
1.454305 66.966 -168.0435
1.464844 67.092 -168.4599
1.475459 67.219 -168.8765
1.486150 67.345 -169.2926
1.496920 67.472 -169.7079
1.507767 67.599 -170.1223
1.518693 67.725 -170.5355
1.529698 67.852 -170.9476
1.540783 67.978 -171.3589
1.551948 68.105 -171.7694
1.563194 68.231 -172.1794
1.574521 68.357 -172.5890
1.585931 68.483 -172.9987
1.597423 68.610 -173.4085
1.608999 68.736 -173.8189
1.620658 68.862 -174.2300
1.632402 68.988 -174.6421
1.644232 69.114 -175.0555
1.656146 69.240 -175.4704
1.668147 69.366 -175.8873
1.680235 69.492 -176.3063
1.692411 69.618 -176.7277
1.704675 69.744 -177.1519
1.717028 69.870 -177.5792
1.729470 69.996 -178.0097
1.742003 70.122 -178.4439
1.754626 70.248 -178.8820
1.767341 70.374 -179.3242
1.780147 70.501 -179.7708
1.793047 70.627 179.7781
1.806040 70.754 179.3224
1.819128 70.880 178.8624
1.832310 71.007 178.3981
1.845587 71.133 177.9302
1.858961 71.260 177.4592
1.872432 71.386 176.9853
1.886001 71.512 176.5091
1.899667 71.638 176.0309
1.913433 71.763 175.5508
1.927299 71.888 175.0690
1.941265 72.013 174.5857
1.955332 72.138 174.1009
1.969501 72.262 173.6147
1.983773 72.387 173.1270
1.998148 72.511 172.6380
2.012627 72.635 172.1476
2.027212 72.758 171.6557
2.041902 72.882 171.1623
2.056698 73.005 170.6673
2.071602 73.128 170.1706
2.086614 73.251 169.6721
2.101734 73.374 169.1717
2.116964 73.497 168.6692
2.132304 73.619 168.1645
2.147756 73.742 167.6573
2.163320 73.864 167.1474
2.178996 73.987 166.6348
2.194786 74.109 166.1193
2.210690 74.230 165.6007
2.226710 74.352 165.0792
2.242845 74.473 164.5547
2.259098 74.594 164.0275
2.275468 74.714 163.4979
2.291957 74.834 162.9659
2.308566 74.953 162.4319
2.325295 75.072 161.8961
2.342145 75.191 161.3586
2.359117 75.309 160.8197
2.376212 75.426 160.2795
2.393431 75.544 159.7380
2.410775 75.661 159.1956
2.428244 75.778 158.6520
2.445840 75.894 158.1075
2.463564 76.010 157.5620
2.481416 76.126 157.0154
2.499397 76.241 156.4677
2.517509 76.356 155.9187
2.535752 76.471 155.3680
2.554127 76.586 154.8154
2.572635 76.700 154.2605
2.591277 76.813 153.7030
2.610055 76.926 153.1426
2.628968 77.039 152.5794
2.648019 77.151 152.0135
2.667208 77.262 151.4451
2.686535 77.373 150.8746
2.706003 77.483 150.3023
2.725612 77.593 149.7285
2.745363 77.702 149.1537
2.765257 77.810 148.5781
2.785295 77.918 148.0019
2.805478 78.026 147.4255
2.825808 78.133 146.8491
2.846285 78.240 146.2726
2.866910 78.346 145.6962
2.887685 78.452 145.1197
2.908611 78.557 144.5427
2.929688 78.662 143.9649
2.950917 78.767 143.3856
2.972301 78.871 142.8045
2.993839 78.974 142.2212
3.015534 79.076 141.6357
3.037386 79.178 141.0483
3.059396 79.279 140.4593
3.081565 79.379 139.8691
3.103896 79.479 139.2782
3.126388 79.578 138.6870
3.149043 79.677 138.0960
3.171862 79.775 137.5057
3.194847 79.873 136.9164
3.217998 79.970 136.3283
3.241317 80.067 135.7415
3.264805 80.163 135.1560
3.288463 80.259 134.5714
3.312293 80.354 133.9872
3.336295 80.449 133.4029
3.360471 80.543 132.8180
3.384822 80.636 132.2325
3.409350 80.729 131.6464
3.434056 80.821 131.0598
3.458940 80.912 130.4731
3.484005 81.003 129.8867
3.509252 81.094 129.3010
3.534681 81.184 128.7164
3.560295 81.273 128.1332
3.586094 81.362 127.5518
3.612081 81.451 126.9721
3.638255 81.539 126.3942
3.664620 81.627 125.8177
3.691175 81.714 125.2424
3.717923 81.801 124.6678
3.744864 81.888 124.0937
3.772001 81.974 123.5199
3.799335 82.059 122.9465
3.826866 82.144 122.3737
3.854597 82.228 121.8016
3.882529 82.312 121.2305
3.910664 82.396 120.6607
3.939002 82.479 120.0924
3.967546 82.563 119.5257
3.996296 82.646 118.9607
4.025255 82.728 118.3972
4.054423 82.811 117.8352
4.083804 82.893 117.2743
4.113396 82.975 116.7142
4.143204 83.056 116.1549
4.173227 83.137 115.5963
4.203468 83.218 115.0382
4.233928 83.298 114.4807
4.264609 83.378 113.9238
4.295512 83.458 113.3675
4.326639 83.538 112.8118
4.357992 83.618 112.2566
4.389572 83.697 111.7019
4.421380 83.777 111.1475
4.453419 83.856 110.5933
4.485691 83.935 110.0392
4.518196 84.013 109.4849
4.550936 84.091 108.9305
4.583914 84.170 108.3760
4.617131 84.247 107.8212
4.650589 84.325 107.2660
4.684289 84.402 106.7103
4.718233 84.479 106.1541
4.752424 84.556 105.5971
4.786862 84.633 105.0393
4.821549 84.709 104.4805
4.856488 84.785 103.9205
4.891680 84.860 103.3596
4.927127 84.936 102.7976
4.962831 85.010 102.2347
4.998794 85.085 101.6709
5.035017 85.159 101.1063
5.071503 85.232 100.5407
5.108253 85.305 99.9742
5.145270 85.378 99.4063
5.182555 85.450 98.8370
5.220110 85.521 98.2663
5.257937 85.592 97.6943
5.296038 85.663 97.1212
5.334415 85.732 96.5473
5.373071 85.802 95.9731
5.412006 85.870 95.3987
5.451224 85.938 94.8242
5.490725 86.005 94.2496
5.530514 86.071 93.6748
5.570590 86.137 93.0995
5.610957 86.201 92.5240
5.651616 86.265 91.9484
5.692570 86.329 91.3732
5.733821 86.391 90.7990
5.775370 86.453 90.2262
5.817221 86.514 89.6552
5.859375 86.574 89.0859
5.901834 86.634 88.5185
5.944602 86.693 87.9528
5.987679 86.751 87.3887
6.031068 86.808 86.8267
6.074771 86.865 86.2669
6.118792 86.921 85.7099
6.163131 86.976 85.1559
6.207792 87.031 84.6054
6.252776 87.085 84.0583
6.298086 87.139 83.5145
6.343725 87.193 82.9740
6.389694 87.245 82.4366
6.435996 87.298 81.9023
6.482634 87.350 81.3712
6.529610 87.402 80.8433
6.576926 87.454 80.3186
6.624585 87.506 79.7971
6.672590 87.558 79.2787
6.720942 87.609 78.7630
6.769645 87.661 78.2496
6.818700 87.712 77.7382
6.868111 87.764 77.2283
6.917881 87.815 76.7196
6.968010 87.867 76.2118
7.018504 87.919 75.7047
7.069362 87.971 75.1978
7.120590 88.023 74.6910
7.172189 88.075 74.1835
7.224161 88.127 73.6749
7.276511 88.179 73.1646
7.329239 88.231 72.6522
7.382350 88.283 72.1373
7.435845 88.335 71.6199
7.489729 88.387 71.0998
7.544002 88.438 70.5767
7.598669 88.489 70.0504
7.653732 88.540 69.5207
7.709194 88.589 68.9874
7.765058 88.639 68.4505
7.821327 88.687 67.9102
7.878004 88.735 67.3666
7.935091 88.782 66.8204
7.992592 88.828 66.2719
8.050510 88.873 65.7213
8.108847 88.917 65.1691
8.167607 88.959 64.6154
8.226793 89.000 64.0612
8.286408 89.040 63.5070
8.346454 89.079 62.9540
8.406936 89.116 62.4029
8.467856 89.152 61.8542
8.529218 89.187 61.3085
8.591024 89.221 60.7665
8.653278 89.253 60.2289
8.715983 89.284 59.6967
8.779143 89.315 59.1704
8.842760 89.344 58.6508
8.906839 89.373 58.1380
8.971381 89.401 57.6323
9.036392 89.429 57.1338
9.101873 89.456 56.6426
9.167829 89.483 56.1590
9.234263 89.510 55.6826
9.301178 89.538 55.2133
9.368578 89.565 54.7501
9.436467 89.594 54.2925
9.504847 89.622 53.8397
9.573723 89.651 53.3908
9.643099 89.681 52.9451
9.712976 89.712 52.5014
9.783361 89.744 52.0585
9.854255 89.776 51.6152
9.925663 89.809 51.1703
9.997588 89.843 50.7230
10.070035 89.877 50.2724
10.143007 89.912 49.8174
10.216507 89.947 49.3574
10.290540 89.982 48.8915
10.365109 90.018 48.4196
10.440219 90.053 47.9413
10.515873 90.087 47.4568
10.592076 90.121 46.9662
10.668830 90.155 46.4698
10.746141 90.187 45.9681
10.824012 90.219 45.4619
10.902447 90.249 44.9520
10.981451 90.278 44.4395
11.061027 90.306 43.9254
11.141180 90.332 43.4106
11.221913 90.358 42.8963
11.303232 90.382 42.3835
11.385140 90.405 41.8733
11.467641 90.427 41.3664
11.550741 90.448 40.8636
11.634442 90.468 40.3653
11.718750 90.488 39.8720
11.803669 90.507 39.3838
11.889203 90.526 38.9007
11.975357 90.545 38.4223
12.062136 90.564 37.9482
12.149543 90.582 37.4777
12.237583 90.602 37.0103
12.326262 90.621 36.5450
12.415583 90.641 36.0809
12.505552 90.661 35.6172
12.596172 90.681 35.1531
12.687449 90.702 34.6880
12.779387 90.722 34.2211
12.871992 90.742 33.7521
12.965268 90.763 33.2809
13.059220 90.783 32.8073
13.153852 90.802 32.3318
13.249170 90.821 31.8545
13.345179 90.839 31.3760
13.441884 90.857 30.8970
13.539289 90.874 30.4183
13.637401 90.890 29.9405
13.736223 90.906 29.4644
13.835761 90.921 28.9904
13.936021 90.935 28.5193
14.037007 90.949 28.0511
14.138725 90.963 27.5860
14.241180 90.977 27.1238
14.344377 90.991 26.6641
14.448323 91.005 26.2063
14.553021 91.020 25.7498
14.658478 91.034 25.2935
14.764700 91.049 24.8365
14.871691 91.064 24.3781
14.979457 91.079 23.9172
15.088005 91.094 23.4534
15.197339 91.108 22.9860
15.307465 91.123 22.5151
15.418389 91.137 22.0406
15.530117 91.150 21.5631
15.642655 91.162 21.0831
15.756008 91.173 20.6017
15.870182 91.183 20.1200
15.985184 91.191 19.6392
16.101019 91.199 19.1606
16.217694 91.206 18.6855
16.335214 91.211 18.2150
16.453586 91.216 17.7498
16.572815 91.221 17.2905
16.692909 91.225 16.8375
16.813872 91.229 16.3906
16.935713 91.233 15.9494
17.058436 91.237 15.5132
17.182048 91.242 15.0811
17.306556 91.247 14.6519
17.431967 91.253 14.2245
17.558286 91.259 13.7976
17.685521 91.266 13.3702
17.813677 91.273 12.9414
17.942762 91.281 12.5103
18.072783 91.288 12.0765
18.203746 91.296 11.6397
18.335658 91.304 11.1998
18.468526 91.311 10.7567
18.602356 91.318 10.3109
18.737156 91.325 9.8623
18.872934 91.332 9.4115
19.009695 91.338 8.9586
19.147447 91.343 8.5040
19.286197 91.348 8.0478
19.425953 91.353 7.5903
19.566721 91.357 7.1317
19.708510 91.361 6.6725
19.851326 91.364 6.2128
19.995177 91.366 5.7531
20.140070 91.368 5.2938
20.286013 91.369 4.8356
20.433014 91.370 4.3790
20.581080 91.370 3.9245
20.730219 91.370 3.4725
20.880439 91.369 3.0233
21.031747 91.369 2.5769
21.184152 91.368 2.1332
21.337661 91.367 1.6920
21.492282 91.366 1.2526
21.648024 91.365 0.8145
21.804895 91.364 0.3768
21.962902 91.364 -0.0610
22.122054 91.363 -0.4997
22.282360 91.363 -0.9396
22.443827 91.362 -1.3812
22.606464 91.362 -1.8246
22.770280 91.361 -2.2701
22.935283 91.359 -2.7179
23.101481 91.358 -3.1678
23.268884 91.356 -3.6204
23.437500 91.353 -4.0756
23.607338 91.350 -4.5335
23.778406 91.346 -4.9944
23.950714 91.342 -5.4580
24.124271 91.336 -5.9241
24.299086 91.329 -6.3917
24.475167 91.321 -6.8597
24.652524 91.312 -7.3266
24.831166 91.301 -7.7908
25.011103 91.290 -8.2504
25.192344 91.277 -8.7040
25.374898 91.263 -9.1506
25.558775 91.249 -9.5900
25.743984 91.236 -10.0226
25.930536 91.222 -10.4499
26.118439 91.210 -10.8738
26.307704 91.198 -11.2967
26.498341 91.187 -11.7211
26.690359 91.177 -12.1490
26.883768 91.166 -12.5820
27.078579 91.156 -13.0205
27.274801 91.145 -13.4641
27.472446 91.134 -13.9116
27.671522 91.122 -14.3613
27.872042 91.109 -14.8114
28.074014 91.096 -15.2601
28.277450 91.082 -15.7065
28.482360 91.067 -16.1501
28.688755 91.053 -16.5911
28.896645 91.039 -17.0303
29.106042 91.025 -17.4684
29.316957 91.012 -17.9065
29.529400 90.998 -18.3448
29.743382 90.984 -18.7833
29.958915 90.970 -19.2213
30.176009 90.956 -19.6580
30.394677 90.941 -20.0925
30.614929 90.926 -20.5239
30.836778 90.911 -20.9520
31.060234 90.896 -21.3768
31.285309 90.882 -21.7988
31.512015 90.867 -22.2186
31.740364 90.853 -22.6367
31.970368 90.839 -23.0537
32.202039 90.825 -23.4702
32.435388 90.812 -23.8867
32.670428 90.798 -24.3038
32.907171 90.785 -24.7226
33.145630 90.771 -25.1440
33.385817 90.758 -25.5693
33.627745 90.744 -25.9989
33.871425 90.729 -26.4330
34.116871 90.714 -26.8704
34.364096 90.697 -27.3097
34.613113 90.678 -27.7484
34.863934 90.659 -28.1844
35.116572 90.639 -28.6158
35.371041 90.618 -29.0418
35.627354 90.597 -29.4622
35.885525 90.576 -29.8779
36.145566 90.555 -30.2906
36.407492 90.535 -30.7019
36.671316 90.515 -31.1136
36.937051 90.495 -31.5274
37.204712 90.476 -31.9446
37.474313 90.457 -32.3662
37.745867 90.438 -32.7926
38.019389 90.418 -33.2234
38.294893 90.398 -33.6575
38.572394 90.376 -34.0930
38.851905 90.354 -34.5281
39.133442 90.331 -34.9613
39.417019 90.308 -35.3928
39.702651 90.285 -35.8237
39.990353 90.261 -36.2563
40.280140 90.238 -36.6925
40.572026 90.214 -37.1332
40.866028 90.189 -37.5775
41.162160 90.163 -38.0232
41.460438 90.135 -38.4675
41.760877 90.107 -38.9084
42.063494 90.079 -39.3456
42.368303 90.050 -39.7800
42.675322 90.022 -40.2136
42.984565 89.994 -40.6478
43.296048 89.967 -41.0829
43.609789 89.939 -41.5182
43.925804 89.912 -41.9526
44.244108 89.885 -42.3857
44.564719 89.859 -42.8176
44.887654 89.834 -43.2494
45.212928 89.810 -43.6824
45.540560 89.788 -44.1183
45.870565 89.767 -44.5598
46.202962 89.746 -45.0105
46.537768 89.727 -45.4744
46.875000 89.706 -45.9540
47.214676 89.683 -46.4474
47.556813 89.656 -46.9465
47.901429 89.624 -47.4375
48.248542 89.587 -47.9056
48.598171 89.547 -48.3401
48.950334 89.507 -48.7383
49.305048 89.469 -49.1068
49.662333 89.433 -49.4585
50.022206 89.400 -49.8064
50.384688 89.369 -50.1601
50.749796 89.339 -50.5234
51.117550 89.308 -50.8962
51.487969 89.276 -51.2770
51.861072 89.243 -51.6643
52.236879 89.210 -52.0576
52.615409 89.175 -52.4564
52.996681 89.140 -52.8595
53.380717 89.104 -53.2664
53.767536 89.069 -53.6768
54.157158 89.033 -54.0915
54.549603 88.998 -54.5115
54.944892 88.963 -54.9370
55.343045 88.929 -55.3669
55.744084 88.893 -55.7991
56.148028 88.858 -56.2307
56.554900 88.823 -56.6596
56.964720 88.789 -57.0843
57.377510 88.755 -57.5049
57.793291 88.721 -57.9234
58.212085 88.689 -58.3431
58.633914 88.656 -58.7670
59.058799 88.623 -59.1964
59.486764 88.589 -59.6296
59.917829 88.552 -60.0629
60.352019 88.514 -60.4916
60.789354 88.474 -60.9126
61.229859 88.434 -61.3252
61.673556 88.393 -61.7306
62.120468 88.353 -62.1318
62.570618 88.312 -62.5319
63.024031 88.273 -62.9336
63.480729 88.233 -63.3384
63.940736 88.194 -63.7458
64.404077 88.155 -64.1549
64.870776 88.116 -64.5645
65.340856 88.076 -64.9743
65.814343 88.038 -65.3848
66.291261 87.999 -65.7961
66.771635 87.960 -66.2078
67.255489 87.921 -66.6185
67.742850 87.882 -67.0275
68.233743 87.842 -67.4348
68.728193 87.802 -67.8411
69.226226 87.763 -68.2468
69.727867 87.722 -68.6521
70.233144 87.682 -69.0570
70.742083 87.641 -69.4619
71.254709 87.600 -69.8669
71.771050 87.559 -70.2714
72.291132 87.517 -70.6740
72.814984 87.475 -71.0734
73.342631 87.432 -71.4698
73.874102 87.391 -71.8645
74.409424 87.349 -72.2589
74.948626 87.308 -72.6538
75.491734 87.266 -73.0500
76.038779 87.225 -73.4485
76.589787 87.184 -73.8504
77.144788 87.142 -74.2562
77.703811 87.100 -74.6644
78.266885 87.057 -75.0728
78.834039 87.014 -75.4796
79.405303 86.970 -75.8845
79.980706 86.926 -76.2875
80.560280 86.882 -76.6885
81.144053 86.838 -77.0864
81.732056 86.794 -77.4803
82.324320 86.750 -77.8705
82.920876 86.706 -78.2586
83.521755 86.663 -78.6466
84.126988 86.620 -79.0352
84.736607 86.577 -79.4241
85.350643 86.533 -79.8136
85.969129 86.490 -80.2047
86.592097 86.447 -80.5986
87.219579 86.403 -80.9952
87.851608 86.359 -81.3933
88.488217 86.315 -81.7911
89.129439 86.270 -82.1876
89.775308 86.225 -82.5823
90.425856 86.181 -82.9758
91.081119 86.136 -83.3689
91.741131 86.091 -83.7617
92.405925 86.046 -84.1543
93.075536 86.001 -84.5477
93.750000 85.957 -84.9442
94.429351 85.914 -85.3455
95.113625 85.870 -85.7501
95.802858 85.827 -86.1541
96.497085 85.783 -86.5536
97.196342 85.740 -86.9463
97.900667 85.697 -87.3312
98.610096 85.654 -87.7075
99.324665 85.611 -88.0748
100.044413 85.567 -88.4341
100.769376 85.521 -88.7877
101.499592 85.475 -89.1385
102.235100 85.426 -89.4895
102.975938 85.377 -89.8433
103.722144 85.327 -90.2029
104.473757 85.278 -90.5715
105.230817 85.228 -90.9503
105.993363 85.180 -91.3390
106.761435 85.133 -91.7355
107.535072 85.087 -92.1356
108.314315 85.041 -92.5336
109.099206 84.996 -92.9243
109.889783 84.951 -93.3046
110.686090 84.906 -93.6745
111.488167 84.861 -94.0372
112.296056 84.815 -94.3974
113.109800 84.769 -94.7598
113.929440 84.722 -95.1290
114.755020 84.675 -95.5079
115.586582 84.628 -95.8965
116.424170 84.581 -96.2920
117.267827 84.534 -96.6892
118.117598 84.487 -97.0820
118.973527 84.440 -97.4639
119.835658 84.393 -97.8291
120.704037 84.347 -98.1756
121.578708 84.301 -98.5076
122.459718 84.256 -98.8347
123.347111 84.211 -99.1667
124.240935 84.166 -99.5101
125.141236 84.120 -99.8662
126.048061 84.074 -100.2326
126.961458 84.027 -100.6050
127.881473 83.979 -100.9789
128.808154 83.931 -101.3503
129.741551 83.884 -101.7161
130.681712 83.836 -102.0745
131.628686 83.789 -102.4255
132.582521 83.743 -102.7706
133.543269 83.698 -103.1125
134.510979 83.653 -103.4554
135.485701 83.609 -103.8038
136.467486 83.566 -104.1599
137.456386 83.521 -104.5215
138.452451 83.475 -104.8830
139.455735 83.427 -105.2390
140.466288 83.377 -105.5878
141.484165 83.328 -105.9312
142.509418 83.279 -106.2720
143.542100 83.230 -106.6125
144.582265 83.182 -106.9536
145.629968 83.135 -107.2948
146.685262 83.089 -107.6343
147.748204 83.044 -107.9706
148.818849 82.999 -108.3047
149.897251 82.953 -108.6406
150.983469 82.906 -108.9812
152.077557 82.858 -109.3260
153.179574 82.808 -109.6720
154.289576 82.758 -110.0164
155.407622 82.707 -110.3567
156.533770 82.657 -110.6892
157.668078 82.607 -111.0088
158.810606 82.559 -111.3115
159.961413 82.510 -111.5972
161.120559 82.462 -111.8704
162.288105 82.413 -112.1376
163.464112 82.362 -112.4036
164.648640 82.309 -112.6702
165.841752 82.255 -112.9380
167.043510 82.200 -113.2078
168.253976 82.146 -113.4788
169.473213 82.092 -113.7448
170.701286 82.040 -113.9951
171.938258 81.990 -114.2190
173.184194 81.942 -114.4121
174.439158 81.899 -114.5759
175.703216 81.859 -114.7142
176.976434 81.822 -114.8328
178.258878 81.790 -114.9423
179.550615 81.761 -115.0565
180.851713 81.736 -115.1868
182.162239 81.713 -115.3380
183.482262 81.693 -115.5113
184.811850 81.676 -115.7101
186.151073 81.662 -115.9412
187.500000 81.648 -116.2097
188.858702 81.634 -116.5159
190.227250 81.619 -116.8539
191.605715 81.601 -117.2151
192.994169 81.581 -117.5897
194.392685 81.558 -117.9691
195.801334 81.533 -118.3461
197.220191 81.507 -118.7173
198.649330 81.480 -119.0835
200.088825 81.451 -119.4470
201.538751 81.421 -119.8086
202.999184 81.390 -120.1665
204.470200 81.356 -120.5175
205.951875 81.321 -120.8575
207.444287 81.285 -121.1854
208.947514 81.248 -121.5033
210.461634 81.210 -121.8158
211.986726 81.173 -122.1271
213.522869 81.136 -122.4395
215.070144 81.100 -122.7518
216.628631 81.065 -123.0605
218.198411 81.030 -123.3625
219.779567 80.995 -123.6568
221.372180 80.960 -123.9444
222.976334 80.924 -124.2272
224.592112 80.887 -124.5068
226.219600 80.851 -124.7844
227.858880 80.816 -125.0611
229.510039 80.780 -125.3390
231.173164 80.745 -125.6200
232.848340 80.710 -125.9037
234.535655 80.675 -126.1885
236.235197 80.639 -126.4714
237.947054 80.605 -126.7491
239.671317 80.571 -127.0192
241.408074 80.538 -127.2812
243.157416 80.507 -127.5359
244.919435 80.476 -127.7842
246.694223 80.446 -128.0267
248.481871 80.415 -128.2642
250.282473 80.383 -128.4982
252.096123 80.351 -128.7315
253.922915 80.319 -128.9663
255.762945 80.286 -129.2027
257.616309 80.253 -129.4395
259.483103 80.220 -129.6760
261.363424 80.187 -129.9125
263.257372 80.153 -130.1494
265.165043 80.121 -130.3864
267.086538 80.088 -130.6215
269.021957 80.057 -130.8524
270.971401 80.025 -131.0766
272.934972 79.994 -131.2927
274.912771 79.962 -131.5022
276.904902 79.931 -131.7092
278.911469 79.900 -131.9172
280.932577 79.870 -132.1268
282.968330 79.840 -132.3360
285.018835 79.811 -132.5421
287.084199 79.782 -132.7428
289.164530 79.753 -132.9374
291.259935 79.724 -133.1277
293.370525 79.696 -133.3162
295.496408 79.668 -133.5047
297.637697 79.641 -133.6935
299.794503 79.614 -133.8813
301.966937 79.587 -134.0670
304.155114 79.560 -134.2504
306.359147 79.533 -134.4324
308.579152 79.507 -134.6134
310.815244 79.481 -134.7941
313.067539 79.455 -134.9749
315.336156 79.430 -135.1553
317.621211 79.405 -135.3353
319.922826 79.380 -135.5148
322.241118 79.355 -135.6938
324.576210 79.330 -135.8717
326.928223 79.303 -136.0475
329.297280 79.277 -136.2202
331.683504 79.251 -136.3907
334.087019 79.224 -136.5613
336.507952 79.198 -136.7334
338.946427 79.172 -136.9062
341.402572 79.146 -137.0765
343.876516 79.120 -137.2402
346.368387 79.094 -137.3945
348.878315 79.067 -137.5392
351.406431 79.039 -137.6764
353.952867 79.011 -137.8094
356.517756 78.983 -137.9402
359.101230 78.956 -138.0686
361.703426 78.929 -138.1932
364.324478 78.903 -138.3126
366.964523 78.877 -138.4249
369.623699 78.851 -138.5289
372.302145 78.825 -138.6248
375.000000 78.800 -138.7140
377.717405 78.775 -138.7980
380.454501 78.750 -138.8780
383.211431 78.726 -138.9544
385.988339 78.702 -139.0269
388.785369 78.678 -139.0947
391.602668 78.654 -139.1569
394.440383 78.632 -139.2125
397.298660 78.610 -139.2607
400.177650 78.590 -139.3026
403.077502 78.571 -139.3403
405.998368 78.553 -139.3771
408.940400 78.537 -139.4150
411.903750 78.521 -139.4550
414.888575 78.506 -139.4969
417.895028 78.492 -139.5405
420.923268 78.478 -139.5849
423.973452 78.466 -139.6298
427.045738 78.454 -139.6752
430.140287 78.442 -139.7208
433.257261 78.430 -139.7657
436.396822 78.418 -139.8083
439.559133 78.407 -139.8469
442.744360 78.396 -139.8812
445.952668 78.386 -139.9133
449.184225 78.376 -139.9463
452.439199 78.367 -139.9832
455.717760 78.357 -140.0247
459.020079 78.348 -140.0692
462.346327 78.340 -140.1136
465.696680 78.331 -140.1553
469.071310 78.323 -140.1926
472.470394 78.315 -140.2261
475.894109 78.307 -140.2576
479.342634 78.298 -140.2886
482.816148 78.290 -140.3190
486.314833 78.281 -140.3471
489.838871 78.272 -140.3698
493.388445 78.263 -140.3855
496.963741 78.254 -140.3950
500.564945 78.245 -140.4002
504.192245 78.235 -140.4029
507.845830 78.226 -140.4039
511.525890 78.217 -140.4034
515.232618 78.209 -140.4020
518.966206 78.200 -140.3998
522.726849 78.192 -140.3973
526.514743 78.185 -140.3945
530.330086 78.178 -140.3912
534.173076 78.172 -140.3866
538.043915 78.166 -140.3794
541.942803 78.161 -140.3683
545.869944 78.156 -140.3528
549.825542 78.151 -140.3328
553.809805 78.146 -140.3094
557.822939 78.142 -140.2834
561.865154 78.137 -140.2555
565.936660 78.133 -140.2255
570.037671 78.130 -140.1928
574.168399 78.127 -140.1572
578.329060 78.125 -140.1188
582.519870 78.123 -140.0774
586.741049 78.121 -140.0331
590.992817 78.120 -139.9863
595.275394 78.119 -139.9374
599.589005 78.119 -139.8864
603.933874 78.118 -139.8334
608.310228 78.118 -139.7787
612.718295 78.118 -139.7222
617.158304 78.118 -139.6632
621.630488 78.119 -139.6014
626.135079 78.119 -139.5365
630.672311 78.120 -139.4681
635.242423 78.121 -139.3962
639.845651 78.123 -139.3210
644.482237 78.125 -139.2421
649.152421 78.127 -139.1599
653.856447 78.129 -139.0746
658.594560 78.131 -138.9872
663.367008 78.134 -138.8979
668.174039 78.137 -138.8060
673.015903 78.140 -138.7103
677.892854 78.143 -138.6098
682.805145 78.147 -138.5043
687.753032 78.150 -138.3939
692.736774 78.154 -138.2791
697.756631 78.158 -138.1598
702.812863 78.163 -138.0356
707.905735 78.167 -137.9059
713.035511 78.172 -137.7695
718.202461 78.177 -137.6255
723.406852 78.183 -137.4731
728.648956 78.189 -137.3117
733.929047 78.196 -137.1414
739.247399 78.203 -136.9631
744.604290 78.211 -136.7773
750.000000 78.221 -136.5840
755.434809 78.231 -136.3825
760.909001 78.243 -136.1726
766.422861 78.256 -135.9550
771.976677 78.271 -135.7313
777.570739 78.288 -135.5034
783.205337 78.306 -135.2725
788.880766 78.327 -135.0392
794.597321 78.349 -134.8037
800.355301 78.373 -134.5652
806.155005 78.398 -134.3229
811.996736 78.425 -134.0762
817.880799 78.453 -133.8246
823.807501 78.483 -133.5683
829.777150 78.513 -133.3083
835.790057 78.545 -133.0459
841.846536 78.578 -132.7829
847.946903 78.612 -132.5208
854.091476 78.647 -132.2600
860.280575 78.685 -132.0004
866.514523 78.724 -131.7416
872.793644 78.765 -131.4839
879.118267 78.807 -131.2274
885.488720 78.851 -130.9727
891.905336 78.897 -130.7203
898.368450 78.944 -130.4709
904.878398 78.993 -130.2252
911.435520 79.044 -129.9834
918.040157 79.096 -129.7460
924.692655 79.149 -129.5134
931.393359 79.204 -129.2858
938.142619 79.261 -129.0634
944.940787 79.319 -128.8463
951.788218 79.379 -128.6349
958.685268 79.440 -128.4295
965.632296 79.502 -128.2304
972.629666 79.566 -128.0379
979.677741 79.631 -127.8525
986.776890 79.697 -127.6749
993.927482 79.764 -127.5057
1001.129891 79.832 -127.3453
1008.384491 79.902 -127.1941
1015.691660 79.971 -127.0521
1023.051781 80.042 -126.9196
1030.465236 80.113 -126.7964
1037.932411 80.185 -126.6830
1045.453698 80.258 -126.5796
1053.029486 80.331 -126.4860
1060.660172 80.404 -126.4020
1068.346153 80.478 -126.3275
1076.087829 80.553 -126.2623
1083.885605 80.627 -126.2068
1091.739887 80.702 -126.1608
1099.651084 80.777 -126.1243
1107.619609 80.852 -126.0969
1115.645878 80.926 -126.0782
1123.730308 81.000 -126.0682
1131.873321 81.074 -126.0663
1140.075341 81.148 -126.0721
1148.336797 81.221 -126.0853
1156.658119 81.294 -126.1052
1165.039741 81.366 -126.1314
1173.482099 81.438 -126.1635
1181.985634 81.509 -126.2011
1190.550789 81.580 -126.2442
1199.178011 81.650 -126.2924
1207.867749 81.720 -126.3451
1216.620457 81.789 -126.4016
1225.436590 81.857 -126.4614
1234.316609 81.925 -126.5240
1243.260976 81.992 -126.5892
1252.270157 82.059 -126.6566
1261.344623 82.125 -126.7261
1270.484846 82.190 -126.7972
1279.691303 82.255 -126.8698
1288.964474 82.320 -126.9431
1298.304842 82.384 -127.0167
1307.712894 82.447 -127.0906
1317.189120 82.511 -127.1647
1326.734016 82.573 -127.2386
1336.348077 82.636 -127.3124
1346.031806 82.698 -127.3857
1355.785708 82.760 -127.4583
1365.610290 82.821 -127.5298
1375.506065 82.883 -127.6000
1385.473549 82.944 -127.6687
1395.513261 83.005 -127.7361
1405.625726 83.067 -127.8023
1415.811469 83.128 -127.8677
1426.071023 83.190 -127.9323
1436.404921 83.251 -127.9960
1446.813703 83.313 -128.0587
1457.297912 83.376 -128.1203
1467.858093 83.438 -128.1804
1478.494798 83.500 -128.2389
1489.208581 83.562 -128.2957
1500.000000 83.625 -128.3508
1510.869618 83.687 -128.4052
1521.818002 83.750 -128.4592
1532.845723 83.813 -128.5131
1543.953355 83.877 -128.5669
1555.141477 83.941 -128.6205
1566.410674 84.005 -128.6734
1577.761531 84.070 -128.7257
1589.194642 84.135 -128.7777
1600.710601 84.201 -128.8298
1612.310010 84.267 -128.8821
1623.993473 84.333 -128.9347
1635.761599 84.400 -128.9872
1647.615002 84.467 -129.0397
1659.554299 84.535 -129.0927
1671.580114 84.603 -129.1465
1683.693072 84.671 -129.2017
1695.893807 84.740 -129.2582
1708.182952 84.810 -129.3158
1720.561150 84.880 -129.3743
1733.029045 84.951 -129.4337
1745.587288 85.022 -129.4940
1758.236533 85.093 -129.5554
1770.977440 85.165 -129.6182
1783.810673 85.238 -129.6824
1796.736900 85.311 -129.7485
1809.756796 85.385 -129.8168
1822.871040 85.460 -129.8873
1836.080315 85.536 -129.9600
1849.385310 85.612 -130.0344
1862.786718 85.689 -130.1103
1876.285239 85.767 -130.1880
1889.881575 85.845 -130.2681
1903.576436 85.925 -130.3515
1917.370535 86.005 -130.4391
1931.264593 86.086 -130.5320
1945.259332 86.168 -130.6310
1959.355483 86.251 -130.7366
1973.553781 86.335 -130.8496
1987.854965 86.419 -130.9701
2002.259781 86.504 -131.0978
2016.768981 86.589 -131.2324
2031.383320 86.674 -131.3737
2046.103561 86.760 -131.5215
2060.930471 86.846 -131.6763
2075.864823 86.933 -131.8383
2090.907395 87.020 -132.0076
2106.058972 87.107 -132.1844
2121.320344 87.195 -132.3690
2136.692305 87.284 -132.5614
2152.175658 87.372 -132.7620
2167.771210 87.461 -132.9711
2183.479774 87.551 -133.1891
2199.302169 87.641 -133.4166
2215.239219 87.731 -133.6540
2231.291755 87.821 -133.9021
2247.460615 87.912 -134.1612
2263.746641 88.003 -134.4318
2280.150683 88.094 -134.7140
2296.673595 88.184 -135.0082
2313.316238 88.275 -135.3148
2330.079481 88.366 -135.6343
2346.964198 88.457 -135.9672
2363.971268 88.547 -136.3140
2381.101578 88.638 -136.6750
2398.356022 88.728 -137.0508
2415.735498 88.817 -137.4415
2433.240913 88.906 -137.8475
2450.873180 88.994 -138.2689
2468.633217 89.081 -138.7058
2486.521951 89.167 -139.1583
2504.540314 89.252 -139.6265
2522.689246 89.336 -140.1105
2540.969692 89.418 -140.6108
2559.382606 89.498 -141.1277
2577.928947 89.577 -141.6609
2596.609683 89.654 -142.2104
2615.425787 89.729 -142.7758
2634.378241 89.802 -143.3567
2653.468031 89.873 -143.9531
2672.696154 89.942 -144.5643
2692.063613 90.008 -145.1900
2711.571415 90.071 -145.8297
2731.220579 90.131 -146.4830
2751.012130 90.189 -147.1496
2770.947098 90.243 -147.8289
2791.026522 90.295 -148.5201
2811.251451 90.343 -149.2225
2831.622938 90.387 -149.9354
2852.142045 90.428 -150.6580
2872.809842 90.464 -151.3895
2893.627406 90.498 -152.1291
2914.595823 90.527 -152.8754
2935.716186 90.551 -153.6268
2956.989596 90.572 -154.3821
2978.417161 90.588 -155.1395
3000.000000 90.600 -155.8975
3021.739237 90.607 -156.6541
3043.636005 90.610 -157.4067
3065.691446 90.608 -158.1531
3087.906710 90.602 -158.8902
3110.282955 90.592 -159.6153
3132.821347 90.577 -160.3254
3155.523062 90.560 -161.0180
3178.389283 90.540 -161.6909
3201.421202 90.517 -162.3432
3224.620020 90.494 -162.9756
3247.986946 90.471 -163.5910
3271.523198 90.448 -164.1942
3295.230004 90.426 -164.7919
3319.108599 90.406 -165.3918
3343.160228 90.386 -166.0017
3367.386145 90.367 -166.6281
3391.787613 90.346 -167.2749
3416.365904 90.323 -167.9434
3441.122300 90.297 -168.6318
3466.058091 90.266 -169.3361
3491.174576 90.230 -170.0512
3516.473066 90.189 -170.7717
3541.954880 90.143 -171.4924
3567.621345 90.091 -172.2089
3593.473800 90.035 -172.9178
3619.513592 89.975 -173.6171
3645.742080 89.910 -174.3052
3672.160630 89.841 -174.9816
3698.770620 89.769 -175.6459
3725.573436 89.693 -176.2980
3752.570477 89.614 -176.9376
3779.763150 89.532 -177.5646
3807.152872 89.447 -178.1785
3834.741071 89.359 -178.7784
3862.529185 89.268 -179.3639
3890.518664 89.175 -179.9343
3918.710966 89.079 179.5106
3947.107561 88.981 178.9706
3975.709929 88.881 178.4448
4004.519563 88.779 177.9324
4033.537962 88.676 177.4321
4062.766641 88.572 176.9425
4092.207123 88.466 176.4623
4121.860942 88.358 175.9905
4151.729646 88.248 175.5266
4181.814790 88.137 175.0705
4212.117944 88.023 174.6232
4242.640687 87.907 174.1860
4273.384610 87.789 173.7606
4304.351317 87.669 173.3489
4335.542421 87.546 172.9524
4366.959549 87.422 172.5722
4398.604338 87.296 172.2090
4430.478438 87.169 171.8629
4462.583511 87.042 171.5332
4494.921231 86.914 171.2187
4527.493283 86.785 170.9178
4560.301365 86.657 170.6292
4593.347189 86.528 170.3518
4626.632476 86.399 170.0853
4660.158962 86.270 169.8300
4693.928395 86.140 169.5866
4727.942535 86.009 169.3562
4762.203156 85.879 169.1403
4796.712043 85.748 168.9404
4831.470996 85.617 168.7581
4866.481826 85.486 168.5942
4901.746360 85.357 168.4492
4937.266434 85.228 168.3225
4973.043902 85.101 168.2130
5009.080628 84.976 168.1191
5045.378492 84.853 168.0392
5081.939384 84.731 167.9719
5118.765212 84.612 167.9163
5155.857894 84.494 167.8726
5193.219366 84.378 167.8416
5230.851574 84.263 167.8251
5268.756481 84.149 167.8253
5306.936062 84.037 167.8451
5345.392309 83.926 167.8877
5384.127225 83.817 167.9564
5423.142830 83.709 168.0544
5462.441159 83.605 168.1844
5502.024259 83.503 168.3481
5541.894195 83.405 168.5468
5582.053045 83.311 168.7808
5622.502902 83.222 169.0499
5663.245876 83.138 169.3536
5704.284090 83.059 169.6917
5745.619684 82.986 170.0638
5787.254813 82.919 170.4703
5829.191647 82.858 170.9119
5871.432373 82.803 171.3901
5913.979192 82.754 171.9069
5956.834323 82.713 172.4645
6000.000000 82.679 173.0651
6043.478473 82.653 173.7106
6087.272010 82.637 174.4017
6131.382892 82.630 175.1385
6175.813420 82.635 175.9192
6220.565910 82.652 176.7412
6265.642695 82.682 177.6003
6311.046124 82.726 178.4913
6356.778566 82.785 179.4082
6402.842404 82.860 -179.6562
6449.240040 82.951 -178.7097
6495.973891 83.060 -177.7614
6543.046396 83.185 -176.8221
6590.460007 83.329 -175.9045
6638.217197 83.490 -175.0225
6686.320456 83.668 -174.1910
6734.772290 83.862 -173.4242
6783.575226 84.070 -172.7352
6832.731809 84.291 -172.1349
6882.244600 84.522 -171.6312
6932.116181 84.763 -171.2289
6982.349153 85.010 -170.9296
7032.946133 85.262 -170.7328
7083.909760 85.519 -170.6376
7135.242690 85.779 -170.6437
7186.947600 86.042 -170.7523
7239.027185 86.308 -170.9666
7291.484160 86.575 -171.2918
7344.321260 86.844 -171.7360
7397.541239 87.114 -172.3092
7451.146872 87.383 -173.0246
7505.140954 87.651 -173.8973
7559.526299 87.916 -174.9442
7614.305743 88.174 -176.1838
7669.482141 88.421 -177.6337
7725.058371 88.652 -179.3087
7781.037328 88.861 178.7825
7837.421932 89.041 176.6397
7894.215122 89.183 174.2736
7951.419859 89.280 171.7068
8009.039125 89.325 168.9755
8067.075924 89.311 166.1277
8125.533282 89.233 163.2218
8184.414245 89.090 160.3236
8243.721885 88.880 157.5011
8303.459292 88.606 154.8206
8363.629581 88.273 152.3412
8424.235888 87.885 150.1127
8485.281374 87.450 148.1721
8546.769221 86.976 146.5439
8608.702634 86.471 145.2405
8671.084842 85.942 144.2629
8733.919097 85.396 143.6038
8797.208675 84.839 143.2488
8860.956876 84.275 143.1800
8925.167022 83.709 143.3766
8989.842461 83.144 143.8170
9054.986566 82.582 144.4796
9120.602731 82.025 145.3425
9186.694378 81.474 146.3846
9253.264952 80.931 147.5848
9320.317925 80.395 148.9229
9387.856790 79.867 150.3794
9455.885071 79.347 151.9362
9524.406312 78.834 153.5763
9593.424086 78.328 155.2838
9662.941992 77.828 157.0438
9732.963653 77.333 158.8420
9803.492719 76.845 160.6638
9874.532869 76.361 162.4939
9946.087805 75.883 164.3163
10018.161257 75.410 166.1145
10090.756983 74.943 167.8708
10163.878768 74.480 169.5662
10237.530423 74.023 171.1804
10311.715789 73.571 172.6920
10386.438732 73.123 174.0787
10461.703149 72.681 175.3182
10537.512962 72.243 176.3882
10613.872125 71.811 177.2674
10690.784618 71.386 177.9354
10768.254450 70.970 178.3743
10846.285661 70.566 178.5698
10924.882318 70.177 178.5119
11004.048518 69.809 178.1961
11083.788390 69.467 177.6255
11164.106090 69.158 176.8132
11245.005805 68.889 175.7839
11326.491752 68.669 174.5754
11408.568180 68.505 173.2388
11491.239368 68.401 171.8357
11574.509626 68.362 170.4350
11658.383294 68.387 169.1073
11742.864745 68.475 167.9202
11827.958384 68.621 166.9332
11913.668646 68.820 166.1936
12000.000000 69.064 165.7344
12086.956947 69.345 165.5743
12174.544019 69.655 165.7191
12262.765784 69.986 166.1649
12351.626840 70.333 166.9028
12441.131819 70.690 167.9211
12531.285389 71.053 169.2079
12622.092249 71.418 170.7506
12713.557132 71.785 172.5360
12805.684808 72.151 174.5505
12898.480079 72.516 176.7796
12991.947783 72.881 179.2089
13086.092792 73.246 -178.1755
13180.920015 73.613 -175.3862
13276.434395 73.982 -172.4348
13372.640911 74.356 -169.3323
13469.544580 74.738 -166.0908
13567.150452 75.132 -162.7258
13665.463617 75.541 -159.2596
13764.489200 75.970 -155.7231
13864.232362 76.422 -152.1579
13964.698305 76.899 -148.6166
14065.892266 77.404 -145.1615
14167.819519 77.936 -141.8622
14270.485380 78.493 -138.7916
14373.895200 79.070 -136.0215
14478.054370 79.662 -133.6196
14582.968320 80.262 -131.6476
14688.642520 80.862 -130.1621
14795.082478 81.452 -129.2130
14902.293745 82.023 -128.8425
15010.281908 82.562 -129.0820
15119.052599 83.056 -129.9493
15228.611486 83.492 -131.4465
15338.964283 83.857 -133.5592
15450.116741 84.138 -136.2581
15562.074656 84.323 -139.5017
15674.843864 84.403 -143.2417
15788.430244 84.371 -147.4266
15902.839718 84.220 -152.0081
16018.078250 83.948 -156.9442
16134.151848 83.553 -162.2051
16251.066563 83.037 -167.7759
16368.828491 82.404 -173.6605
16487.443769 81.660 -179.8824
16606.918584 80.815 173.5175
16727.259161 79.884 166.4900
16848.471777 78.888 158.9988
16970.562748 77.855 151.0598
17093.538442 76.823 142.7952
17217.405268 75.836 134.4795
17342.169684 74.945 126.5310
17467.838194 74.196 119.4229
17594.417350 73.620 113.5481
17721.913751 73.224 109.1248
17850.334044 72.990 106.1871
17979.684923 72.886 104.6395
18109.973131 72.873 104.3237
18241.205462 72.919 105.0669
18373.388756 72.997 106.7059
18506.529905 73.091 109.0940
18640.635849 73.189 112.0992
18775.713581 73.282 115.5996
18911.770141 73.364 119.4794
19048.812624 73.428 123.6270
19186.848172 73.470 127.9316
19325.883983 73.485 132.2772
19465.927305 73.471 136.5289
19606.985439 73.433 140.5112
19749.065738 73.379 143.9814
19892.175609 73.327 146.6191
20036.322514 73.295 148.0685
