* Measurement data measured by REW V5.30.4
* Source: Headset (2- CX31993 HIFI AUDIO), MICROPHONE (Master Volume), L, volume: 0.500
* Format: 256k Log Swept Sine, 1 sweep at -12.0 dBFS with no timing reference
* Dated: 08 1, 24 3:33:02 PM
* REW Settings:
*  C-weighting compensation: Off
*  Target level: 75.0 dB
* Note: ; 
* Measurement: KZ Castor Bass UUUU R
* Smoothing: 1/12 octave
* Frequency Step: 96 ppo
* Start Frequency: 20.141602 Hz
*
* Freq(Hz) SPL(dB) Phase(degrees)
20.141602 94.910 -166.9867
20.287556 94.916 -166.9668
20.434568 94.925 -166.9873
20.582645 94.935 -167.0366
20.731796 94.947 -167.1046
20.882027 94.959 -167.1838
21.033346 94.972 -167.2713
21.185762 94.984 -167.3689
21.339283 94.996 -167.4674
21.493916 95.008 -167.5656
21.649670 95.021 -167.6630
21.806553 95.033 -167.7599
21.964573 95.046 -167.8567
22.123737 95.059 -167.9614
22.284056 95.072 -168.0701
22.445536 95.084 -168.1821
22.608185 95.097 -168.2977
22.772013 95.108 -168.4171
22.937029 95.118 -168.5395
23.103241 95.127 -168.6680
23.270657 95.133 -168.7985
23.439285 95.139 -168.9253
23.609137 95.142 -169.0455
23.780218 95.145 -169.1567
23.952539 95.148 -169.2576
24.126110 95.152 -169.3537
24.300938 95.157 -169.4430
24.477032 95.165 -169.5263
24.654402 95.176 -169.6077
24.833057 95.190 -169.6919
25.013008 95.207 -169.7840
25.194263 95.226 -169.8936
25.376831 95.248 -170.0162
25.560722 95.270 -170.1520
25.745945 95.292 -170.2991
25.932510 95.313 -170.4539
26.120428 95.333 -170.6163
26.309708 95.351 -170.7794
26.500359 95.366 -170.9357
26.692390 95.380 -171.0821
26.885815 95.393 -171.2168
27.080641 95.405 -171.3426
27.276878 95.416 -171.4627
27.474539 95.427 -171.5762
27.673630 95.438 -171.6868
27.874165 95.449 -171.7979
28.076153 95.460 -171.9141
28.279604 95.471 -172.0383
28.484529 95.482 -172.1676
28.690941 95.492 -172.3016
28.898848 95.503 -172.4389
29.108261 95.513 -172.5811
29.319191 95.523 -172.7265
29.531651 95.534 -172.8720
29.745649 95.545 -173.0168
29.961199 95.557 -173.1604
30.178310 95.568 -173.3064
30.396996 95.580 -173.4512
30.617264 95.591 -173.5930
30.839128 95.602 -173.7314
31.062601 95.612 -173.8670
31.287693 95.621 -174.0020
31.514416 95.631 -174.1336
31.742783 95.640 -174.2633
31.972803 95.649 -174.3927
32.204491 95.659 -174.5271
32.437859 95.668 -174.6655
32.672916 95.678 -174.8088
32.909679 95.689 -174.9576
33.148155 95.699 -175.1148
33.388359 95.710 -175.2780
33.630306 95.720 -175.4439
33.874004 95.731 -175.6103
34.119469 95.741 -175.7771
34.366711 95.751 -175.9427
34.615746 95.760 -176.1038
34.866585 95.770 -176.2601
35.119244 95.779 -176.4136
35.373734 95.787 -176.5657
35.630066 95.795 -176.7162
35.888256 95.803 -176.8665
36.148315 95.810 -177.0206
36.410259 95.816 -177.1782
36.674103 95.822 -177.3374
36.939857 95.827 -177.4975
37.207539 95.833 -177.6593
37.477161 95.838 -177.8208
37.748737 95.845 -177.9816
38.022282 95.852 -178.1424
38.297806 95.861 -178.3079
38.575329 95.871 -178.4756
38.854862 95.881 -178.6467
39.136421 95.891 -178.8223
39.420021 95.900 -179.0018
39.705673 95.909 -179.1830
39.993397 95.917 -179.3642
40.283207 95.923 -179.5464
40.575115 95.929 -179.7261
40.869141 95.934 -179.9031
41.165295 95.939 179.9202
41.463596 95.945 179.7432
41.764057 95.950 179.5666
42.066696 95.955 179.3890
42.371529 95.960 179.2092
42.678570 95.965 179.0281
42.987835 95.970 178.8462
43.299343 95.974 178.6616
43.613110 95.977 178.4777
43.929150 95.980 178.2953
44.247478 95.983 178.1125
44.568115 95.986 177.9310
44.891075 95.989 177.7513
45.216373 95.992 177.5718
45.544029 95.996 177.3922
45.874062 96.000 177.2121
46.206486 96.005 177.0290
46.541317 96.010 176.8429
46.878574 96.015 176.6544
47.218277 96.020 176.4625
47.560440 96.025 176.2683
47.905083 96.030 176.0734
48.252224 96.035 175.8765
48.601879 96.040 175.6782
48.954067 96.045 175.4781
49.308807 96.048 175.2755
49.666119 96.050 175.0710
50.026020 96.050 174.8657
50.388531 96.048 174.6584
50.753666 96.046 174.4521
51.121449 96.043 174.2457
51.491894 96.040 174.0377
51.865025 96.037 173.8288
52.240860 96.036 173.6177
52.619419 96.035 173.4055
53.000721 96.034 173.1936
53.384785 96.033 172.9812
53.771633 96.032 172.7705
54.161285 96.030 172.5609
54.553761 96.029 172.3513
54.949081 96.027 172.1420
55.347263 96.025 171.9321
55.748333 96.023 171.7239
56.152309 96.021 171.5192
56.559212 96.019 171.3192
56.969063 96.017 171.1237
57.381886 96.016 170.9269
57.797699 96.014 170.7264
58.216526 96.011 170.5177
58.638386 96.007 170.2981
59.063305 96.001 170.0679
59.491302 95.994 169.8290
59.922401 95.986 169.5865
60.356625 95.978 169.3419
60.793995 95.970 169.0983
61.234531 95.962 168.8570
61.678261 95.955 168.6199
62.125206 95.947 168.3892
62.575390 95.940 168.1651
63.028835 95.934 167.9460
63.485569 95.927 167.7274
63.945610 95.921 167.5079
64.408989 95.914 167.2847
64.875725 95.907 167.0586
65.345840 95.898 166.8301
65.819366 95.890 166.6004
66.296318 95.881 166.3686
66.776726 95.871 166.1353
67.260620 95.861 165.9023
67.748016 95.850 165.6701
68.238945 95.839 165.4376
68.733429 95.828 165.2054
69.231499 95.816 164.9756
69.733177 95.803 164.7483
70.238495 95.790 164.5227
70.747475 95.777 164.2975
71.260139 95.763 164.0695
71.776520 95.750 163.8362
72.296638 95.736 163.5970
72.820526 95.722 163.3525
73.348213 95.708 163.1047
73.879723 95.695 162.8570
74.415085 95.680 162.6095
74.954330 95.665 162.3632
75.497482 95.650 162.1176
76.044571 95.634 161.8718
76.595619 95.618 161.6257
77.150665 95.601 161.3795
77.709732 95.584 161.1334
78.272850 95.567 160.8880
78.840050 95.549 160.6435
79.411354 95.531 160.4007
79.986801 95.513 160.1589
80.566422 95.494 159.9167
81.150238 95.475 159.6750
81.738289 95.456 159.4346
82.330597 95.436 159.1935
82.927200 95.415 158.9520
83.528122 95.395 158.7120
84.133400 95.374 158.4715
84.743065 95.352 158.2289
85.357147 95.330 157.9846
85.975677 95.308 157.7390
86.598694 95.285 157.4952
87.226227 95.261 157.2509
87.858307 95.238 157.0058
88.494965 95.213 156.7627
89.136238 95.188 156.5211
89.782158 95.163 156.2803
90.432755 95.137 156.0387
91.088066 95.111 155.7966
91.748131 95.084 155.5550
92.412979 95.057 155.3126
93.082642 95.029 155.0696
93.757156 95.001 154.8258
94.436562 94.972 154.5833
95.120888 94.943 154.3420
95.810173 94.913 154.1018
96.504456 94.883 153.8642
97.203766 94.852 153.6272
97.908142 94.821 153.3881
98.617622 94.789 153.1504
99.332245 94.757 152.9127
100.052048 94.724 152.6747
100.777069 94.691 152.4352
101.507339 94.658 152.1972
102.242905 94.623 151.9616
102.983795 94.589 151.7285
103.730057 94.553 151.4946
104.481728 94.518 151.2635
105.238846 94.481 151.0347
106.001450 94.445 150.8072
106.769577 94.407 150.5779
107.543274 94.369 150.3505
108.322578 94.331 150.1270
109.107529 94.291 149.9079
109.898170 94.252 149.6898
110.694534 94.211 149.4732
111.496674 94.170 149.2602
112.304626 94.129 149.0505
113.118431 94.087 148.8422
113.938133 94.044 148.6331
114.763779 94.002 148.4199
115.595406 93.958 148.2043
116.433060 93.914 147.9857
117.276779 93.869 147.7692
118.126617 93.822 147.5616
118.982613 93.774 147.3574
119.844810 93.727 147.1583
120.713257 93.680 146.9639
121.587997 93.633 146.7726
122.469070 93.585 146.5839
123.356529 93.537 146.3989
124.250420 93.486 146.2164
125.150787 93.435 146.0311
126.057678 93.382 145.8409
126.971146 93.329 145.6453
127.891228 93.277 145.4429
128.817978 93.225 145.2426
129.751450 93.175 145.0482
130.691681 93.124 144.8615
131.638733 93.071 144.6832
132.592636 93.017 144.5125
133.553452 92.961 144.3459
134.521240 92.904 144.1814
135.496033 92.844 144.0206
136.477890 92.784 143.8641
137.466858 92.722 143.7130
138.462997 92.661 143.5659
139.466354 92.600 143.4223
140.476990 92.539 143.2859
141.494949 92.477 143.1564
142.520279 92.414 143.0358
143.553040 92.350 142.9268
144.593277 92.284 142.8273
145.641052 92.217 142.7341
146.696426 92.150 142.6443
147.759445 92.081 142.5585
148.830170 92.012 142.4747
149.908661 91.943 142.3966
150.994965 91.871 142.3318
152.089142 91.799 142.2806
153.191238 91.724 142.2482
154.301331 91.649 142.2338
155.419464 91.573 142.2365
156.545700 91.496 142.2625
157.680099 91.420 142.3145
158.822708 91.345 142.3913
159.973602 91.271 142.4964
161.132843 91.201 142.6270
162.300476 91.134 142.7840
163.476578 91.072 142.9644
164.661194 91.016 143.1600
165.854401 90.967 143.3612
167.056244 90.926 143.5596
168.266800 90.891 143.7426
169.486130 90.863 143.9012
170.714294 90.840 144.0261
171.951355 90.820 144.1077
173.197388 90.800 144.1414
174.452454 90.777 144.1255
175.716614 90.751 144.0620
176.989929 90.719 143.9579
178.272476 90.681 143.8160
179.564316 90.636 143.6510
180.865509 90.584 143.4778
182.176132 90.526 143.2974
183.496262 90.463 143.1260
184.825958 90.396 142.9702
186.165283 90.325 142.8406
187.514313 90.250 142.7435
188.873123 90.174 142.6735
190.241776 90.095 142.6341
191.620346 90.016 142.6073
193.008911 89.937 142.5974
194.407532 89.858 142.5881
195.816284 89.778 142.5963
197.235245 89.698 142.6207
198.664490 89.618 142.6669
200.104095 89.538 142.7354
201.554138 89.458 142.8240
203.014679 89.378 142.9317
204.485809 89.298 143.0576
205.967590 89.217 143.2005
207.460114 89.136 143.3541
208.963455 89.055 143.5163
210.477692 88.974 143.6779
212.002899 88.895 143.8376
213.539154 88.816 144.0000
215.086548 88.738 144.1695
216.645157 88.660 144.3557
218.215057 88.583 144.5550
219.796341 88.506 144.7716
221.389069 88.430 145.0088
222.993347 88.354 145.2635
224.609253 88.278 145.5364
226.236862 88.203 145.8251
227.876266 88.127 146.1285
229.527557 88.053 146.4454
231.190811 87.978 146.7709
232.866119 87.906 147.1004
234.553558 87.835 147.4226
236.253235 87.766 147.7437
237.965225 87.699 148.0693
239.689621 87.633 148.4032
241.426514 87.567 148.7551
243.175995 87.503 149.1224
244.938141 87.438 149.5010
246.713058 87.374 149.8889
248.500839 87.310 150.2925
250.301575 87.248 150.7075
252.115356 87.188 151.1379
253.942291 87.131 151.5849
255.782455 87.076 152.0427
257.635956 87.023 152.5135
259.502899 86.973 152.9875
261.383362 86.925 153.4615
263.277466 86.880 153.9394
265.185272 86.837 154.4102
267.106903 86.797 154.8763
269.042480 86.758 155.3361
270.992065 86.722 155.7971
272.955780 86.688 156.2565
274.933716 86.654 156.7154
276.925995 86.623 157.1774
278.932709 86.592 157.6339
280.953979 86.563 158.0916
282.989899 86.535 158.5524
285.040558 86.507 159.0060
287.106079 86.481 159.4570
289.186554 86.456 159.9061
291.282104 86.431 160.3561
293.392853 86.408 160.8087
295.518890 86.385 161.2667
297.660339 86.362 161.7258
299.817322 86.340 162.1849
301.989929 86.320 162.6475
304.178284 86.300 163.1069
306.382477 86.282 163.5628
308.602661 86.266 164.0176
310.838928 86.251 164.4706
313.091400 86.237 164.9222
315.360199 86.224 165.3762
317.645416 86.213 165.8302
319.947205 86.203 166.2876
322.265686 86.195 166.7413
324.600952 86.188 167.1898
326.953156 86.182 167.6357
329.322388 86.177 168.0775
331.708801 86.173 168.5175
334.112488 86.170 168.9583
336.533600 86.169 169.4013
338.972260 86.169 169.8437
341.428589 86.171 170.2844
343.902710 86.174 170.7197
346.394775 86.178 171.1496
348.904907 86.184 171.5718
351.433228 86.191 171.9903
353.979858 86.200 172.4003
356.544952 86.211 172.8036
359.128632 86.224 173.1978
361.731018 86.238 173.5792
364.352264 86.253 173.9492
366.992523 86.268 174.3051
369.651917 86.284 174.6537
372.330566 86.300 174.9845
375.028625 86.315 175.3138
377.746246 86.330 175.6323
380.483551 86.344 175.9477
383.240692 86.358 176.2571
386.017822 86.372 176.5647
388.815063 86.385 176.8725
391.632568 86.399 177.1709
394.470490 86.412 177.4659
397.328979 86.426 177.7557
400.208191 86.439 178.0378
403.108276 86.453 178.3208
406.029358 86.466 178.5972
408.971619 86.480 178.8698
411.935181 86.495 179.1412
414.920227 86.509 179.4161
417.926910 86.523 179.6846
420.955383 86.537 179.9532
424.005798 86.552 -179.7864
427.078308 86.566 -179.5276
430.173096 86.580 -179.2711
433.290314 86.594 -179.0175
436.430115 86.609 -178.7624
439.592682 86.623 -178.5126
442.778137 86.638 -178.2673
445.986694 86.652 -178.0261
449.218506 86.667 -177.7844
452.473724 86.681 -177.5474
455.752533 86.695 -177.3154
459.055115 86.709 -177.0893
462.381622 86.724 -176.8608
465.732239 86.738 -176.6393
469.107117 86.753 -176.4211
472.506470 86.767 -176.1987
475.930450 86.782 -175.9822
479.379242 86.796 -175.7655
482.853027 86.809 -175.5493
486.351990 86.823 -175.3370
489.876282 86.836 -175.1215
493.426117 86.849 -174.9079
497.001678 86.862 -174.7031
500.603149 86.875 -174.4933
504.230713 86.887 -174.2877
507.884583 86.900 -174.0832
511.564911 86.912 -173.8824
515.271912 86.924 -173.6801
519.005798 86.936 -173.4760
522.766724 86.948 -173.2777
526.554932 86.960 -173.0729
530.370544 86.972 -172.8750
534.213806 86.984 -172.6694
538.084961 86.995 -172.4690
541.984131 87.007 -172.2697
545.911560 87.018 -172.0647
549.867432 87.030 -171.8637
553.851990 87.041 -171.6639
557.865417 87.052 -171.4630
561.907959 87.063 -171.2590
565.979797 87.073 -171.0580
570.081116 87.084 -170.8572
574.212158 87.095 -170.6563
578.373108 87.105 -170.4548
582.564209 87.116 -170.2512
586.785706 87.126 -170.0440
591.037781 87.136 -169.8378
595.320679 87.146 -169.6293
599.634644 87.156 -169.4172
603.979858 87.166 -169.2056
608.356567 87.176 -168.9928
612.764954 87.186 -168.7775
617.205322 87.196 -168.5649
621.677856 87.206 -168.3477
626.182800 87.216 -168.1297
630.720398 87.227 -167.9080
635.290833 87.238 -167.6862
639.894409 87.249 -167.4636
644.531372 87.260 -167.2384
649.201904 87.271 -167.0120
653.906311 87.282 -166.7851
658.644775 87.293 -166.5523
663.417603 87.304 -166.3188
668.224976 87.316 -166.0821
673.067200 87.328 -165.8433
677.944519 87.340 -165.6027
682.857178 87.352 -165.3613
687.805420 87.365 -165.1180
692.789551 87.378 -164.8669
697.809814 87.391 -164.6183
702.866455 87.405 -164.3628
707.959717 87.419 -164.1036
713.089905 87.434 -163.8436
718.257263 87.449 -163.5835
723.462036 87.464 -163.3134
728.704529 87.481 -163.0468
733.985046 87.498 -162.7804
739.303833 87.515 -162.5075
744.661133 87.534 -162.2339
750.057251 87.553 -161.9609
755.492493 87.573 -161.6847
760.967102 87.593 -161.4100
766.481384 87.615 -161.1348
772.035645 87.637 -160.8621
777.630127 87.660 -160.5891
783.265137 87.684 -160.3232
788.940979 87.707 -160.0547
794.657959 87.730 -159.7922
800.416382 87.752 -159.5274
806.216553 87.775 -159.2512
812.058716 87.798 -158.9687
817.943237 87.823 -158.6744
823.870361 87.849 -158.3761
829.840454 87.877 -158.0817
835.853821 87.907 -157.7877
841.910767 87.938 -157.4988
848.011597 87.971 -157.2097
854.156616 88.004 -156.9299
860.346191 88.039 -156.6530
866.580627 88.074 -156.3803
872.860229 88.111 -156.1117
879.185364 88.148 -155.8533
885.556274 88.186 -155.5975
891.973389 88.224 -155.3552
898.437012 88.263 -155.1132
904.947449 88.302 -154.8791
911.505066 88.340 -154.6536
918.110229 88.378 -154.4219
924.763245 88.415 -154.1900
931.464478 88.452 -153.9443
938.214233 88.488 -153.6953
945.012939 88.523 -153.4387
951.860901 88.558 -153.1786
958.758484 88.594 -152.9048
965.706055 88.631 -152.6281
972.703979 88.669 -152.3392
979.752563 88.709 -152.0419
986.852234 88.751 -151.7460
994.003357 88.796 -151.4436
1001.206299 88.843 -151.1411
1008.461426 88.892 -150.8385
1015.769165 88.944 -150.5481
1023.129822 88.998 -150.2590
1030.543823 89.054 -149.9778
1038.011597 89.113 -149.7091
1045.533447 89.173 -149.4510
1053.109863 89.235 -149.2018
1060.741089 89.298 -148.9726
1068.427612 89.363 -148.7556
1076.169922 89.428 -148.5473
1083.968262 89.494 -148.3570
1091.823120 89.560 -148.1820
1099.734863 89.627 -148.0174
1107.703979 89.694 -147.8654
1115.730835 89.761 -147.7299
1123.815918 89.829 -147.6033
1131.959595 89.896 -147.4880
1140.162231 89.962 -147.3928
1148.424316 90.029 -147.2968
1156.746216 90.095 -147.2166
1165.128418 90.160 -147.1432
1173.571411 90.225 -147.0793
1182.075562 90.289 -147.0258
1190.641357 90.353 -146.9734
1199.269287 90.415 -146.9349
1207.959717 90.477 -146.9016
1216.713135 90.539 -146.8707
1225.529907 90.599 -146.8497
1234.410645 90.659 -146.8293
1243.355713 90.718 -146.8178
1252.365601 90.777 -146.8073
1261.440796 90.835 -146.8059
1270.581665 90.892 -146.7981
1279.788818 90.948 -146.7967
1289.062744 91.004 -146.7992
1298.403809 91.059 -146.8002
1307.812622 91.113 -146.8008
1317.289551 91.166 -146.8088
1326.835205 91.220 -146.8087
1336.449951 91.272 -146.8115
1346.134399 91.324 -146.8141
1355.889038 91.376 -146.8216
1365.714355 91.428 -146.8249
1375.610840 91.479 -146.8263
1385.579102 91.530 -146.8240
1395.619629 91.581 -146.8265
1405.732910 91.632 -146.8257
1415.919434 91.683 -146.8267
1426.179810 91.733 -146.8232
1436.514526 91.784 -146.8233
1446.924072 91.835 -146.8121
1457.409058 91.885 -146.8093
1467.970093 91.936 -146.8016
1478.607666 91.987 -146.7953
1489.322266 92.038 -146.7787
1500.114502 92.090 -146.7632
1510.984985 92.142 -146.7480
1521.934204 92.194 -146.7401
1532.962769 92.247 -146.7220
1544.071289 92.300 -146.7091
1555.260254 92.354 -146.6938
1566.530273 92.408 -146.6785
1577.881958 92.463 -146.6537
1589.315918 92.519 -146.6442
1600.832764 92.575 -146.6292
1612.433105 92.632 -146.6079
1624.117432 92.689 -146.5941
1635.886475 92.748 -146.5785
1647.740723 92.807 -146.5670
1659.680908 92.867 -146.5513
1671.707642 92.929 -146.5416
1683.821533 92.990 -146.5352
1696.023193 93.053 -146.5321
1708.313232 93.117 -146.5211
1720.692383 93.182 -146.5184
1733.161255 93.247 -146.5169
1745.720459 93.314 -146.5272
1758.370728 93.382 -146.5357
1771.112549 93.451 -146.5538
1783.946777 93.520 -146.5650
1796.874023 93.591 -146.5789
1809.894897 93.663 -146.6178
1823.010132 93.736 -146.6510
1836.220459 93.811 -146.6885
1849.526489 93.886 -146.7375
1862.928955 93.962 -146.7870
1876.428467 94.040 -146.8526
1890.025879 94.118 -146.9193
1903.721802 94.198 -147.0007
1917.516968 94.278 -147.0865
1931.412109 94.360 -147.1867
1945.407959 94.442 -147.2913
1959.505127 94.525 -147.4091
1973.704468 94.610 -147.5372
1988.006714 94.695 -147.6719
2002.412598 94.781 -147.8242
2016.922852 94.868 -147.9855
2031.538330 94.955 -148.1628
2046.259644 95.044 -148.3515
2061.087646 95.133 -148.5534
2076.023193 95.222 -148.7627
2091.066895 95.312 -148.9983
2106.219727 95.403 -149.2419
2121.482178 95.494 -149.5122
2136.855225 95.585 -149.7849
2152.339844 95.677 -150.0763
2167.936523 95.769 -150.3766
2183.646240 95.861 -150.7177
2199.469727 95.953 -151.0633
2215.407959 96.045 -151.4316
2231.461670 96.136 -151.8174
2247.631836 96.228 -152.2180
2263.919189 96.319 -152.6363
2280.324463 96.409 -153.0698
2296.848633 96.499 -153.5324
2313.492432 96.588 -154.0195
2330.256836 96.676 -154.5275
2347.142822 96.763 -155.0537
2364.151123 96.848 -155.5962
2381.282715 96.932 -156.1562
2398.538574 97.015 -156.7468
2415.919434 97.095 -157.3538
2433.426270 97.174 -157.9763
2451.059814 97.250 -158.6202
2468.821289 97.324 -159.2914
2486.711426 97.396 -159.9732
2504.731201 97.464 -160.6953
2522.881592 97.529 -161.4289
2541.163330 97.591 -162.1719
2559.577637 97.649 -162.9260
2578.125488 97.704 -163.6788
2596.807617 97.755 -164.4940
2615.625244 97.803 -165.2974
2634.579102 97.846 -166.1155
2653.670410 97.886 -166.9289
2672.899902 97.921 -167.7480
2692.268799 97.953 -168.5806
2711.778076 97.981 -169.4367
2731.428711 98.004 -170.2905
2751.221680 98.023 -171.1422
2771.158203 98.038 -171.9992
2791.239258 98.048 -172.8690
2811.465820 98.054 -173.7295
2831.838867 98.055 -174.5857
2852.359619 98.051 -175.4519
2873.029053 98.043 -176.3012
2893.848145 98.029 -177.1464
2914.818115 98.011 -177.9966
2935.940186 97.989 -178.7976
2957.215332 97.963 -179.6172
2978.644531 97.933 179.5865
3000.229004 97.899 178.8023
3021.969971 97.861 178.0532
3043.868408 97.821 177.3086
3065.925537 97.777 176.5678
3088.142578 97.731 175.8626
3110.520508 97.682 175.1833
3133.060547 97.630 174.5038
3155.763916 97.576 173.8424
3178.631836 97.520 173.2177
3201.665527 97.462 172.6064
3224.866211 97.401 172.0102
3248.234863 97.339 171.4308
3271.772949 97.275 170.8748
3295.481445 97.210 170.3406
3319.361816 97.142 169.8283
3343.415283 97.074 169.3344
3367.643066 97.005 168.8612
3392.046387 96.934 168.4226
3416.626465 96.863 167.9954
3441.384766 96.792 167.5816
3466.322510 96.720 167.2087
3491.440918 96.648 166.8394
3516.741455 96.577 166.4891
3542.225098 96.505 166.1694
3567.893555 96.434 165.8683
3593.748047 96.363 165.5616
3619.789795 96.292 165.3035
3646.020264 96.223 165.0530
3672.440918 96.153 164.7948
3699.052979 96.085 164.5631
3725.857910 96.017 164.3537
3752.856934 95.950 164.1436
3780.051758 95.884 163.9631
3807.443604 95.819 163.7816
3835.033936 95.754 163.6118
3862.824219 95.691 163.4584
3890.815918 95.627 163.3002
3919.010254 95.565 163.1501
3947.408936 95.502 163.0223
3976.013428 95.440 162.8755
4004.825195 95.378 162.7611
4033.845703 95.316 162.6465
4063.076660 95.253 162.5297
4092.519287 95.191 162.4429
4122.175293 95.129 162.3643
4152.046387 95.067 162.3005
4182.133789 95.005 162.2336
4212.439453 94.943 162.1828
4242.964355 94.881 162.1471
4273.710449 94.819 162.1346
4304.679688 94.758 162.1336
4335.873047 94.697 162.1347
4367.292480 94.636 162.1748
4398.939453 94.576 162.2212
4430.815918 94.516 162.2911
4462.923340 94.457 162.3893
4495.263672 94.400 162.4989
4527.838379 94.345 162.6470
4560.648926 94.292 162.8186
4593.697266 94.242 163.0201
4626.984863 94.197 163.2488
4660.513672 94.156 163.5184
4694.285645 94.123 163.7794
4728.302246 94.096 164.0925
4762.565430 94.077 164.3896
4797.077148 94.066 164.6896
4831.838867 94.063 164.9695
4866.852539 94.068 165.2388
4902.119629 94.079 165.4616
4937.642578 94.095 165.6631
4973.422852 94.115 165.8114
5009.462402 94.138 165.9275
5045.763184 94.163 165.9917
5082.326660 94.189 166.0239
5119.155273 94.215 166.0242
5156.250977 94.240 165.9847
5193.615234 94.264 165.9175
5231.250488 94.287 165.8372
5269.158203 94.308 165.7394
5307.340820 94.327 165.6072
5345.799805 94.345 165.4812
5384.537598 94.361 165.3318
5423.556152 94.377 165.1709
5462.857422 94.391 165.0083
5502.443359 94.404 164.8285
5542.316406 94.417 164.6392
5582.478516 94.428 164.4594
5622.931641 94.438 164.2453
5663.677734 94.448 164.0373
5704.719238 94.456 163.8260
5746.058105 94.463 163.6150
5787.696289 94.468 163.4117
5829.636230 94.473 163.1847
5871.880371 94.476 162.9751
5914.430664 94.479 162.7674
5957.289062 94.481 162.5624
6000.458008 94.482 162.3696
6043.939941 94.484 162.2143
6087.736816 94.487 162.0299
6131.851074 94.492 161.8930
6176.285156 94.498 161.7435
6221.041016 94.507 161.6180
6266.121094 94.519 161.4940
6311.527832 94.535 161.3775
6357.263672 94.554 161.2649
6403.331055 94.576 161.1457
6449.732422 94.603 161.0278
6496.469727 94.634 160.9093
6543.545898 94.669 160.8107
6590.962891 94.708 160.6713
6638.723633 94.752 160.5396
6686.830566 94.802 160.4066
6735.286133 94.856 160.2425
6784.092773 94.916 160.0704
6833.252930 94.983 159.9105
6882.769531 95.056 159.7292
6932.645020 95.137 159.5280
6982.881836 95.227 159.2877
7033.482910 95.325 159.0343
7084.450195 95.435 158.7352
7135.787109 95.555 158.3857
7187.496094 95.686 157.9883
7239.579590 95.830 157.5074
7292.040527 95.985 156.9322
7344.881836 96.150 156.2388
7398.105957 96.326 155.4360
7451.715820 96.511 154.4861
7505.713867 96.702 153.3617
7560.103516 96.897 152.0763
7614.887207 97.093 150.5767
7670.067871 97.286 148.8483
7725.648438 97.471 146.9079
7781.631836 97.643 144.7418
7838.020508 97.795 142.3385
7894.817871 97.921 139.7182
7952.026855 98.013 136.8750
8009.650391 98.067 133.8595
8067.691406 98.076 130.6683
8126.153320 98.034 127.3937
8185.038574 97.939 124.0673
8244.350586 97.789 120.7210
8304.092773 97.582 117.4489
8364.267578 97.321 114.2732
8424.878906 97.009 111.2558
8485.928711 96.650 108.4564
8547.420898 96.250 105.8902
8609.359375 95.814 103.6045
8671.746094 95.350 101.6035
8734.584961 94.864 99.9133
8797.878906 94.363 98.5306
8861.631836 93.854 97.4532
8925.846680 93.341 96.6599
8990.527344 92.831 96.1544
9055.676758 92.326 95.8999
9121.297852 91.832 95.8945
9187.394531 91.351 96.1234
9253.969727 90.885 96.5386
9321.027344 90.436 97.1486
9388.571289 90.006 97.9171
9456.604492 89.594 98.8249
9525.130859 89.202 99.8630
9594.154297 88.830 100.9894
9663.677734 88.476 102.2260
9733.705078 88.141 103.5542
9804.239258 87.826 104.9391
9875.285156 87.529 106.4061
9946.845703 87.251 107.9200
10018.924805 86.991 109.4742
10091.526367 86.751 111.0764
10164.653320 86.530 112.7136
10238.310547 86.327 114.3784
10312.501953 86.143 116.0513
10387.230469 85.978 117.7408
10462.500977 85.831 119.4373
10538.316406 85.702 121.1196
10614.681641 85.592 122.7867
10691.599609 85.501 124.4447
10769.075195 85.428 126.0677
10847.112305 85.373 127.6271
10925.714844 85.337 129.1493
11004.886719 85.319 130.6053
11084.632812 85.319 131.9904
11164.957031 85.336 133.2951
11245.863281 85.371 134.4648
11327.355469 85.423 135.5143
11409.438477 85.491 136.4445
11492.116211 85.572 137.1760
11575.392578 85.666 137.7238
11659.272461 85.766 138.0333
11743.760742 85.865 138.0895
11828.861328 85.954 137.8842
11914.578125 86.023 137.4419
12000.916016 86.066 136.8076
12087.879883 86.078 136.0170
12175.473633 86.054 135.1189
12263.702148 85.991 134.1740
12352.570312 85.885 133.2370
12442.082031 85.737 132.3905
12532.242188 85.549 131.7413
12623.055664 85.327 131.3308
12714.527344 85.081 131.3060
12806.662109 84.827 131.6865
12899.464844 84.585 132.5649
12992.939453 84.379 133.9462
13087.091797 84.236 135.7716
13181.925781 84.181 137.9532
13277.447266 84.234 140.2852
13373.661133 84.404 142.5318
13470.572266 84.682 144.4415
13568.185547 85.049 145.7842
13666.505859 85.474 146.4149
13765.539062 85.921 146.2737
13865.290039 86.359 145.3701
13965.763672 86.759 143.8160
14066.965820 87.101 141.7266
14168.900391 87.373 139.2415
14271.574219 87.572 136.5331
14374.992188 87.701 133.7207
14479.159180 87.766 130.9594
14584.081055 87.780 128.2766
14689.763672 87.757 125.7543
14796.211914 87.710 123.4068
14903.431641 87.655 121.2249
15011.427734 87.600 119.1328
15120.207031 87.553 117.0743
15229.774414 87.517 114.9741
15340.135742 87.489 112.7354
15451.296875 87.460 110.3228
15563.263672 87.418 107.6240
15676.041016 87.349 104.6502
15789.635742 87.234 101.3779
15904.053711 87.058 97.9022
16019.300781 86.804 94.2460
16135.382812 86.461 90.5432
16252.306641 86.021 86.9091
16370.077148 85.484 83.4772
16488.701172 84.851 80.3958
16608.185547 84.133 77.7227
16728.535156 83.338 75.5681
16849.757812 82.483 73.9989
16971.857422 81.580 73.0359
17094.841797 80.646 72.7105
17218.718750 79.694 72.9711
17343.492188 78.738 73.8282
17469.169922 77.788 75.2122
17595.757812 76.855 77.0871
17723.263672 75.946 79.3723
17851.693359 75.068 82.0465
17981.054688 74.226 85.0213
18111.353516 73.425 88.2515
18242.595703 72.667 91.6746
18374.789062 71.957 95.2197
18507.939453 71.296 98.8409
18642.054688 70.686 102.5112
18777.142578 70.131 106.1452
18913.208984 69.634 109.7429
19050.261719 69.201 113.2027
19188.308594 68.834 116.4955
19327.355469 68.536 119.5018
19467.410156 68.307 122.1965
19608.478516 68.142 124.4615
19750.570312 68.036 126.1881
19893.691406 67.975 127.2479
20037.849609 0.000 127.4979
