* Measurement data measured by REW V5.30.4
* Source: Headset (2- CX31993 HIFI AUDIO), MICROPHONE (Master Volume), L, volume: 0.500
* Format: 256k Log Swept Sine, 1 sweep at -12.0 dBFS with no timing reference
* Dated: 07 1, 24 7:53:53 AM
* REW Settings:
*  C-weighting compensation: Off
*  Target level: 75.0 dB
* Note: ; 
* Measurement: Moondrop Stellaris HDF L
* Smoothing: 1/12 octave
* Frequency Step: 96 ppo
* Start Frequency: 20.141602 Hz
*
* Freq(Hz) SPL(dB) Phase(degrees)
20.141602 92.260 178.7339
20.287556 92.183 179.3921
20.434568 92.089 -179.5865
20.582645 92.017 -178.2166
20.731796 92.001 -176.6044
20.882027 92.064 -174.9493
21.033346 92.207 -173.4940
21.185762 92.409 -172.4554
21.339283 92.636 -171.9541
21.493916 92.849 -172.0131
21.649670 93.013 -172.5665
21.806553 93.103 -173.4855
21.964573 93.099 -174.5971
22.123737 92.994 -175.7104
22.284056 92.789 -176.6065
22.445536 92.499 -177.0629
22.608185 92.151 -176.8795
22.772013 91.790 -175.9182
22.937029 91.477 -174.1749
23.103241 91.275 -171.8575
23.270657 91.229 -169.3784
23.439285 91.346 -167.2555
23.609137 91.592 -165.9329
23.780218 91.904 -165.6470
23.952539 92.218 -166.4169
24.126110 92.481 -168.1106
24.300938 92.655 -170.5058
24.477032 92.718 -173.3480
24.654402 92.660 -176.3713
24.833057 92.479 -179.3061
25.013008 92.189 178.1229
25.194263 91.813 176.1781
25.376831 91.395 175.1025
25.560722 90.998 175.0372
25.745945 90.698 175.9398
25.932510 90.566 177.5168
26.120428 90.633 179.2549
26.309708 90.878 -179.3870
26.500359 91.235 -178.7840
26.692390 91.627 -179.0568
26.885815 91.985 179.8848
27.080641 92.264 178.2498
27.276878 92.436 176.2958
27.474539 92.492 174.2904
27.673630 92.432 172.4841
27.874165 92.270 171.1028
28.076153 92.029 170.3307
28.279604 91.746 170.2858
28.484529 91.462 170.9868
28.690941 91.223 172.3091
28.898848 91.062 173.9906
29.108261 90.991 175.6872
29.319191 90.999 177.0824
29.531651 91.056 177.9753
29.745649 91.127 178.3091
29.961199 91.185 178.1501
30.178310 91.212 177.6373
30.396996 91.205 176.9441
30.617264 91.174 176.2307
30.839128 91.138 175.6139
31.062601 91.118 175.1457
31.287693 91.134 174.8054
31.514416 91.198 174.5181
31.742783 91.307 174.1770
31.972803 91.446 173.6852
32.204491 91.593 172.9850
32.437859 91.724 172.0797
32.672916 91.820 171.0206
32.909679 91.866 169.8919
33.148155 91.860 168.7894
33.388359 91.805 167.8066
33.630306 91.711 167.0141
33.874004 91.594 166.4445
34.119469 91.470 166.0842
34.366711 91.353 165.8810
34.615746 91.253 165.7581
34.866585 91.173 165.6329
35.119244 91.107 165.4397
35.373734 91.048 165.1468
35.630066 90.988 164.7604
35.888256 90.922 164.3119
36.148315 90.844 163.8442
36.410259 90.758 163.4037
36.674103 90.664 163.0275
36.939857 90.567 162.7353
37.207539 90.471 162.5296
37.477161 90.381 162.4044
37.748737 90.297 162.3466
38.022282 90.223 162.3387
38.297806 90.161 162.3596
38.575329 90.113 162.3928
38.854862 90.079 162.4167
39.136421 90.062 162.4086
39.420021 90.061 162.3505
39.705673 90.074 162.2337
39.993397 90.099 162.0603
40.283207 90.132 161.8409
40.575115 90.172 161.5972
40.869141 90.220 161.3477
41.165295 90.276 161.1013
41.463596 90.342 160.8593
41.764057 90.418 160.6169
42.066696 90.502 160.3663
42.371529 90.594 160.1059
42.678570 90.690 159.8484
42.987835 90.788 159.6167
43.299343 90.887 159.4386
43.613110 90.985 159.3480
43.929150 91.082 159.3716
44.247478 91.176 159.5260
44.568115 91.262 159.8257
44.891075 91.335 160.2798
45.216373 91.390 160.8933
45.544029 91.422 161.6705
45.874062 91.427 162.6110
46.206486 91.401 163.7038
46.541317 91.343 164.9259
46.878574 91.253 166.2359
47.218277 91.130 167.5684
47.560440 90.972 168.8386
47.905083 90.777 169.9468
48.252224 90.542 170.7851
48.601879 90.262 171.2508
48.954067 89.939 171.2506
49.308807 89.581 170.7014
49.666119 89.208 169.5388
50.026020 88.858 167.7348
50.388531 88.577 165.3370
50.753666 88.414 162.5220
51.121449 88.401 159.5983
51.491894 88.538 156.9475
51.865025 88.790 154.9100
52.240860 89.101 153.6849
52.619419 89.415 153.3101
53.000721 89.685 153.6933
53.384785 89.880 154.6567
53.771633 89.983 155.9791
54.161285 89.992 157.4125
54.553761 89.918 158.7056
54.949081 89.781 159.6338
55.347263 89.610 160.0392
55.748333 89.438 159.8835
56.152309 89.297 159.2721
56.559212 89.207 158.4349
56.969063 89.174 157.6483
57.381886 89.183 157.1297
57.797699 89.211 156.9760
58.216526 89.234 157.1499
58.638386 89.233 157.5235
59.063305 89.204 157.9370
59.491302 89.152 158.2482
59.922401 89.092 158.3727
60.356625 89.038 158.2949
60.793995 89.001 158.0680
61.234531 88.979 157.7807
61.678261 88.965 157.5179
62.125206 88.948 157.3284
62.575390 88.920 157.2134
63.028835 88.876 157.1424
63.485569 88.821 157.0780
63.945610 88.760 157.0038
64.408989 88.702 156.9237
64.875725 88.651 156.8562
65.345840 88.608 156.8111
65.819366 88.572 156.7804
66.296318 88.538 156.7407
66.776726 88.505 156.6732
67.260620 88.474 156.5764
67.748016 88.448 156.4661
68.238945 88.429 156.3638
68.733429 88.419 156.2868
69.231499 88.413 156.2406
69.733177 88.404 156.2163
70.238495 88.389 156.1978
70.747475 88.368 156.1694
71.260139 88.344 156.1216
71.776520 88.320 156.0567
72.296638 88.298 155.9884
72.820526 88.277 155.9315
73.348213 88.255 155.8922
73.879723 88.228 155.8639
74.415085 88.193 155.8284
74.954330 88.149 155.7690
75.497482 88.098 155.6762
76.044571 88.046 155.5534
76.595619 87.995 155.4161
77.150665 87.952 155.2839
77.709732 87.916 155.1716
78.272850 87.886 155.0858
78.840050 87.861 155.0268
79.411354 87.835 154.9929
79.986801 87.808 154.9786
80.566422 87.780 154.9753
81.150238 87.751 154.9727
81.738289 87.722 154.9606
82.330597 87.693 154.9298
82.927200 87.664 154.8827
83.528122 87.634 154.8336
84.133400 87.604 154.7995
84.743065 87.575 154.7964
85.357147 87.547 154.8364
85.975677 87.521 154.9217
86.598694 87.494 155.0434
87.226227 87.466 155.1724
87.858307 87.434 155.2708
88.494965 87.397 155.3065
89.136238 87.358 155.2616
89.782158 87.317 155.1464
90.432755 87.279 154.9961
91.088066 87.243 154.8613
91.748131 87.209 154.7876
92.412979 87.171 154.7961
93.082642 87.126 154.8779
93.757156 87.075 154.9973
94.436562 87.023 155.1129
95.120888 86.975 155.1950
95.810173 86.938 155.2367
96.504456 86.912 155.2513
97.203766 86.894 155.2541
97.908142 86.878 155.2552
98.617622 86.861 155.2608
99.332245 86.841 155.2650
100.052048 86.819 155.2650
100.777069 86.794 155.2655
101.507339 86.766 155.2792
102.242905 86.734 155.3090
102.983795 86.698 155.3438
103.730057 86.660 155.3582
104.481728 86.624 155.3366
105.238846 86.590 155.2776
106.001450 86.558 155.2002
106.769577 86.527 155.1265
107.543274 86.495 155.0729
108.322578 86.463 155.0417
109.107529 86.429 155.0345
109.898170 86.396 155.0575
110.694534 86.362 155.1232
111.496674 86.328 155.2354
112.304626 86.296 155.3789
113.118431 86.268 155.5247
113.938133 86.243 155.6476
114.763779 86.221 155.7399
115.595406 86.197 155.8170
116.433060 86.168 155.8971
117.276779 86.133 155.9999
118.126617 86.091 156.1361
118.982613 86.041 156.2864
119.844810 85.985 156.4217
120.713257 85.924 156.5126
121.587997 85.860 156.5529
122.469070 85.800 156.5578
123.356529 85.751 156.5471
124.250420 85.716 156.5365
125.150787 85.696 156.5377
126.057678 85.685 156.5594
126.971146 85.677 156.5995
127.891228 85.670 156.6426
128.817978 85.661 156.6796
129.751450 85.650 156.6986
130.691681 85.637 156.6953
131.638733 85.620 156.6804
132.592636 85.598 156.6763
133.553452 85.573 156.7041
134.521240 85.545 156.7768
135.496033 85.515 156.8918
136.477890 85.483 157.0301
137.466858 85.449 157.1681
138.462997 85.415 157.2862
139.466354 85.381 157.3760
140.476990 85.347 157.4431
141.494949 85.314 157.4967
142.520279 85.280 157.5562
143.553040 85.246 157.6439
144.593277 85.211 157.7727
145.641052 85.175 157.9400
146.696426 85.138 158.1301
147.759445 85.100 158.3326
148.830170 85.063 158.5504
149.908661 85.031 158.7970
150.994965 85.005 159.0801
152.089142 84.986 159.3923
153.191238 84.975 159.7262
154.301331 84.971 160.0591
155.419464 84.971 160.3551
156.545700 84.974 160.5846
157.680099 84.979 160.7377
158.822708 84.981 160.8283
159.973602 84.979 160.8825
161.132843 84.974 160.9065
162.300476 84.971 160.9039
163.476578 84.973 160.8877
164.661194 84.978 160.8779
165.854401 84.984 160.8851
167.056244 84.988 160.9049
168.266800 84.987 160.9200
169.486130 84.983 160.9220
170.714294 84.974 160.9126
171.951355 84.963 160.8975
173.197388 84.949 160.8818
174.452454 84.932 160.8680
175.716614 84.910 160.8638
176.989929 84.885 160.8816
178.272476 84.855 160.9190
179.564316 84.821 160.9712
180.865509 84.784 161.0304
182.176132 84.746 161.0824
183.496262 84.707 161.1335
184.825958 84.668 161.1786
186.165283 84.629 161.2166
187.514313 84.593 161.2527
188.873123 84.563 161.2939
190.241776 84.537 161.3614
191.620346 84.515 161.4460
193.008911 84.492 161.5495
194.407532 84.469 161.6475
195.816284 84.445 161.7475
197.235245 84.421 161.8408
198.664490 84.396 161.9297
200.104095 84.372 162.0155
201.554138 84.348 162.0992
203.014679 84.324 162.1861
204.485809 84.301 162.2819
205.967590 84.277 162.3892
207.460114 84.253 162.5027
208.963455 84.228 162.6222
210.477692 84.203 162.7403
212.002899 84.179 162.8569
213.539154 84.155 162.9745
215.086548 84.133 163.0936
216.645157 84.111 163.2182
218.215057 84.089 163.3411
219.796341 84.066 163.4673
221.389069 84.044 163.6023
222.993347 84.022 163.7450
224.609253 84.000 163.8961
226.236862 83.977 164.0494
227.876266 83.955 164.1948
229.527557 83.933 164.3246
231.190811 83.912 164.4379
232.866119 83.891 164.5436
234.553558 83.870 164.6441
236.253235 83.850 164.7510
237.965225 83.830 164.8652
239.689621 83.809 164.9817
241.426514 83.788 165.1063
243.175995 83.766 165.2389
244.938141 83.745 165.3773
246.713058 83.724 165.5164
248.500839 83.704 165.6564
250.301575 83.685 165.7906
252.115356 83.666 165.9265
253.942291 83.646 166.0704
255.782455 83.626 166.2202
257.635956 83.607 166.3784
259.502899 83.587 166.5343
261.383362 83.568 166.6854
263.277466 83.549 166.8373
265.185272 83.531 166.9814
267.106903 83.512 167.1224
269.042480 83.494 167.2600
270.992065 83.476 167.4017
272.955780 83.458 167.5445
274.933716 83.440 167.6898
276.925995 83.422 167.8415
278.932709 83.404 167.9915
280.953979 83.386 168.1477
282.989899 83.369 168.3133
285.040558 83.351 168.4779
287.106079 83.334 168.6433
289.186554 83.317 168.8066
291.282104 83.301 168.9671
293.392853 83.285 169.1247
295.518890 83.269 169.2822
297.660339 83.253 169.4371
299.817322 83.236 169.5905
301.989929 83.220 169.7472
304.178284 83.204 169.9025
306.382477 83.187 170.0577
308.602661 83.172 170.2169
310.838928 83.156 170.3795
313.091400 83.141 170.5449
315.360199 83.126 170.7144
317.645416 83.111 170.8840
319.947205 83.096 171.0577
322.265686 83.081 171.2311
324.600952 83.066 171.4053
326.953156 83.051 171.5827
329.322388 83.036 171.7597
331.708801 83.021 171.9360
334.112488 83.007 172.1120
336.533600 82.993 172.2885
338.972260 82.980 172.4645
341.428589 82.967 172.6421
343.902710 82.954 172.8209
346.394775 82.941 173.0036
348.904907 82.928 173.1880
351.433228 82.915 173.3760
353.979858 82.902 173.5612
356.544952 82.889 173.7461
359.128632 82.877 173.9307
361.731018 82.865 174.1145
364.352264 82.853 174.3008
366.992523 82.841 174.4870
369.651917 82.830 174.6786
372.330566 82.818 174.8630
375.028625 82.806 175.0553
377.746246 82.793 175.2448
380.483551 82.781 175.4390
383.240692 82.769 175.6346
386.017822 82.758 175.8352
388.815063 82.747 176.0419
391.632568 82.737 176.2449
394.470490 82.726 176.4511
397.328979 82.715 176.6586
400.208191 82.704 176.8633
403.108276 82.693 177.0731
406.029358 82.682 177.2798
408.971619 82.671 177.4851
411.935181 82.661 177.6905
414.920227 82.651 177.8997
417.926910 82.642 178.1037
420.955383 82.633 178.3112
424.005798 82.625 178.5149
427.078308 82.617 178.7220
430.173096 82.609 178.9318
433.290314 82.602 179.1437
436.430115 82.595 179.3619
439.592682 82.588 179.5794
442.778137 82.582 179.7965
445.986694 82.576 -179.9861
449.218506 82.569 -179.7638
452.473724 82.563 -179.5418
455.752533 82.556 -179.3207
459.055115 82.550 -179.1014
462.381622 82.544 -178.8754
465.732239 82.538 -178.6517
469.107117 82.532 -178.4269
472.506470 82.526 -178.1939
475.930450 82.521 -177.9634
479.379242 82.516 -177.7304
482.853027 82.511 -177.4962
486.351990 82.506 -177.2640
489.876282 82.501 -177.0265
493.426117 82.496 -176.7882
497.001678 82.492 -176.5562
500.603149 82.488 -176.3164
504.230713 82.485 -176.0779
507.884583 82.482 -175.8375
511.564911 82.479 -175.5978
515.271912 82.476 -175.3538
519.005798 82.473 -175.1050
522.766724 82.470 -174.8593
526.554932 82.468 -174.6044
530.370544 82.466 -174.3542
534.213806 82.464 -174.0951
538.084961 82.463 -173.8400
541.984131 82.462 -173.5851
545.911560 82.461 -173.3237
549.867432 82.461 -173.0658
553.851990 82.461 -172.8085
557.865417 82.462 -172.5491
561.907959 82.463 -172.2846
565.979797 82.464 -172.0200
570.081116 82.465 -171.7527
574.212158 82.467 -171.4828
578.373108 82.469 -171.2111
582.564209 82.472 -170.9370
586.785706 82.474 -170.6603
591.037781 82.477 -170.3864
595.320679 82.480 -170.1118
599.634644 82.484 -169.8341
603.979858 82.488 -169.5562
608.356567 82.492 -169.2753
612.764954 82.496 -168.9902
617.205322 82.501 -168.7068
621.677856 82.506 -168.4185
626.182800 82.512 -168.1293
630.720398 82.519 -167.8367
635.290833 82.525 -167.5444
639.894409 82.533 -167.2510
644.531372 82.540 -166.9541
649.201904 82.548 -166.6548
653.906311 82.557 -166.3542
658.644775 82.567 -166.0476
663.417603 82.577 -165.7408
668.224976 82.587 -165.4319
673.067200 82.598 -165.1223
677.944519 82.609 -164.8126
682.857178 82.621 -164.5031
687.805420 82.633 -164.1922
692.789551 82.646 -163.8734
697.809814 82.660 -163.5565
702.866455 82.674 -163.2326
707.959717 82.689 -162.9062
713.089905 82.705 -162.5811
718.257263 82.721 -162.2584
723.462036 82.737 -161.9277
728.704529 82.755 -161.6013
733.985046 82.773 -161.2748
739.303833 82.791 -160.9402
744.661133 82.811 -160.6031
750.057251 82.831 -160.2651
755.492493 82.852 -159.9233
760.967102 82.874 -159.5827
766.481384 82.897 -159.2413
772.035645 82.921 -158.9011
777.630127 82.946 -158.5577
783.265137 82.972 -158.2177
788.940979 82.999 -157.8709
794.657959 83.027 -157.5281
800.416382 83.055 -157.1846
806.216553 83.085 -156.8352
812.058716 83.116 -156.4876
817.943237 83.147 -156.1351
823.870361 83.180 -155.7828
829.840454 83.214 -155.4349
835.853821 83.249 -155.0858
841.910767 83.285 -154.7390
848.011597 83.322 -154.3892
854.156616 83.360 -154.0453
860.346191 83.399 -153.7007
866.580627 83.440 -153.3569
872.860229 83.482 -153.0141
879.185364 83.526 -152.6783
885.556274 83.571 -152.3417
891.973389 83.617 -152.0144
898.437012 83.664 -151.6835
904.947449 83.713 -151.3581
911.505066 83.763 -151.0409
918.110229 83.813 -150.7203
924.763245 83.865 -150.4057
931.464478 83.918 -150.0872
938.214233 83.971 -149.7780
945.012939 84.026 -149.4752
951.860901 84.082 -149.1832
958.758484 84.139 -148.8919
965.706055 84.197 -148.6121
972.703979 84.257 -148.3338
979.752563 84.317 -148.0599
986.852234 84.379 -147.7984
994.003357 84.441 -147.5395
1001.206299 84.504 -147.2877
1008.461426 84.568 -147.0407
1015.769165 84.632 -146.8087
1023.129822 84.698 -146.5788
1030.543823 84.763 -146.3556
1038.011597 84.829 -146.1428
1045.533447 84.896 -145.9373
1053.109863 84.963 -145.7361
1060.741089 85.031 -145.5497
1068.427612 85.099 -145.3696
1076.169922 85.167 -145.1920
1083.968262 85.236 -145.0260
1091.823120 85.305 -144.8690
1099.734863 85.374 -144.7164
1107.703979 85.443 -144.5702
1115.730835 85.512 -144.4338
1123.815918 85.581 -144.2994
1131.959595 85.650 -144.1694
1140.162231 85.720 -144.0535
1148.424316 85.789 -143.9321
1156.746216 85.858 -143.8233
1165.128418 85.927 -143.7188
1173.571411 85.997 -143.6211
1182.075562 86.066 -143.5309
1190.641357 86.135 -143.4381
1199.269287 86.205 -143.3554
1207.959717 86.274 -143.2745
1216.713135 86.343 -143.1934
1225.529907 86.412 -143.1210
1234.410645 86.482 -143.0488
1243.355713 86.552 -142.9860
1252.365601 86.622 -142.9245
1261.440796 86.692 -142.8722
1270.581665 86.762 -142.8129
1279.788818 86.833 -142.7593
1289.062744 86.903 -142.7092
1298.403809 86.973 -142.6577
1307.812622 87.043 -142.6071
1317.289551 87.114 -142.5662
1326.835205 87.185 -142.5204
1336.449951 87.257 -142.4808
1346.134399 87.329 -142.4442
1355.889038 87.401 -142.4153
1365.714355 87.474 -142.3849
1375.610840 87.548 -142.3553
1385.579102 87.622 -142.3251
1395.619629 87.697 -142.3038
1405.732910 87.772 -142.2835
1415.919434 87.848 -142.2702
1426.179810 87.925 -142.2573
1436.514526 88.003 -142.2526
1446.924072 88.082 -142.2413
1457.409058 88.161 -142.2435
1467.970093 88.243 -142.2474
1478.607666 88.325 -142.2611
1489.322266 88.409 -142.2735
1500.114502 88.494 -142.2955
1510.984985 88.580 -142.3252
1521.934204 88.666 -142.3681
1532.962769 88.753 -142.4062
1544.071289 88.840 -142.4554
1555.260254 88.928 -142.5091
1566.530273 89.016 -142.5705
1577.881958 89.105 -142.6307
1589.315918 89.194 -142.7148
1600.832764 89.284 -142.8026
1612.433105 89.375 -142.8939
1624.117432 89.467 -143.0029
1635.886475 89.561 -143.1202
1647.740723 89.655 -143.2516
1659.680908 89.750 -143.3888
1671.707642 89.846 -143.5420
1683.821533 89.943 -143.7090
1696.023193 90.040 -143.8904
1708.313232 90.139 -144.0756
1720.692383 90.238 -144.2813
1733.161255 90.337 -144.5004
1745.720459 90.438 -144.7438
1758.370728 90.539 -144.9978
1771.112549 90.640 -145.2740
1783.946777 90.742 -145.5558
1796.874023 90.844 -145.8528
1809.894897 90.946 -146.1876
1823.010132 91.049 -146.5298
1836.220459 91.151 -146.8902
1849.526489 91.254 -147.2766
1862.928955 91.357 -147.6784
1876.428467 91.460 -148.1112
1890.025879 91.562 -148.5595
1903.721802 91.664 -149.0363
1917.516968 91.765 -149.5312
1931.412109 91.864 -150.0540
1945.407959 91.963 -150.5948
1959.505127 92.060 -151.1626
1973.704468 92.155 -151.7545
1988.006714 92.249 -152.3671
2002.412598 92.341 -153.0104
2016.922852 92.430 -153.6753
2031.538330 92.517 -154.3678
2046.259644 92.602 -155.0824
2061.087646 92.683 -155.8203
2076.023193 92.762 -156.5749
2091.066895 92.837 -157.3640
2106.219727 92.908 -158.1677
2121.482178 92.975 -159.0030
2136.855225 93.038 -159.8434
2152.339844 93.097 -160.7032
2167.936523 93.151 -161.5709
2183.646240 93.200 -162.4766
2199.469727 93.244 -163.3821
2215.407959 93.283 -164.3039
2231.461670 93.317 -165.2347
2247.631836 93.346 -166.1695
2263.919189 93.370 -167.1086
2280.324463 93.388 -168.0470
2296.848633 93.400 -168.9957
2313.492432 93.407 -169.9477
2330.256836 93.408 -170.8971
2347.142822 93.403 -171.8387
2364.151123 93.393 -172.7684
2381.282715 93.376 -173.6850
2398.538574 93.354 -174.5995
2415.919434 93.327 -175.4958
2433.426270 93.295 -176.3716
2451.059814 93.258 -177.2312
2468.821289 93.217 -178.0794
2486.711426 93.172 -178.8987
2504.731201 93.122 -179.7180
2522.881592 93.068 179.4919
2541.163330 93.011 178.7330
2559.577637 92.950 178.0029
2578.125488 92.885 177.3130
2596.807617 92.817 176.5988
2615.625244 92.747 175.9333
2634.579102 92.672 175.2892
2653.670410 92.595 174.6855
2672.899902 92.515 174.1113
2692.268799 92.432 173.5588
2711.778076 92.347 173.0186
2731.428711 92.258 172.5177
2751.221680 92.167 172.0577
2771.158203 92.074 171.6338
2791.239258 91.978 171.2413
2811.465820 91.881 170.9052
2831.838867 91.782 170.6226
2852.359619 91.684 170.3800
2873.029053 91.587 170.2030
2893.848145 91.493 170.0750
2914.818115 91.404 169.9798
2935.940186 91.322 169.9610
2957.215332 91.246 169.9369
2978.644531 91.177 169.9339
3000.229004 91.116 169.9252
3021.969971 91.060 169.9211
3043.868408 91.008 169.8828
3065.925537 90.958 169.8067
3088.142578 90.907 169.7270
3110.520508 90.855 169.6403
3133.060547 90.801 169.5288
3155.763916 90.745 169.4191
3178.631836 90.686 169.3372
3201.665527 90.625 169.2655
3224.866211 90.562 169.2092
3248.234863 90.499 169.1720
3271.772949 90.436 169.1608
3295.481445 90.373 169.1737
3319.361816 90.311 169.2097
3343.415283 90.251 169.2634
3367.643066 90.192 169.3356
3392.046387 90.136 169.4381
3416.626465 90.082 169.5461
3441.384766 90.029 169.6593
3466.322510 89.979 169.8038
3491.440918 89.931 169.9404
3516.741455 89.885 170.0836
3542.225098 89.841 170.2444
3567.893555 89.798 170.4106
3593.748047 89.757 170.5587
3619.789795 89.716 170.7441
3646.020264 89.676 170.9285
3672.440918 89.636 171.0998
3699.052979 89.597 171.2961
3725.857910 89.558 171.5175
3752.856934 89.520 171.7453
3780.051758 89.483 172.0136
3807.443604 89.447 172.2952
3835.033936 89.413 172.6058
3862.824219 89.382 172.9523
3890.815918 89.353 173.3151
3919.010254 89.329 173.7077
3947.408936 89.309 174.1450
3976.013428 89.294 174.5858
4004.825195 89.285 175.0814
4033.845703 89.283 175.5987
4063.076660 89.289 176.1349
4092.519287 89.304 176.7206
4122.175293 89.330 177.3313
4152.046387 89.368 177.9689
4182.133789 89.421 178.6070
4212.439453 89.490 179.2522
4242.964355 89.578 179.8851
4273.710449 89.686 -179.5099
4304.679688 89.814 -178.9732
4335.873047 89.961 -178.5461
4367.292480 90.127 -178.2237
4398.939453 90.307 -178.0684
4430.815918 90.498 -178.0867
4462.923340 90.693 -178.2896
4495.263672 90.889 -178.7013
4527.838379 91.078 -179.2929
4560.648926 91.258 179.9302
4593.697266 91.423 178.9905
4626.984863 91.571 177.9066
4660.513672 91.698 176.7177
4694.285645 91.805 175.4020
4728.302246 91.889 174.0499
4762.565430 91.951 172.6231
4797.077148 91.991 171.1698
4831.838867 92.009 169.6949
4866.852539 92.006 168.2324
4902.119629 91.984 166.7673
4937.642578 91.942 165.3418
4973.422852 91.884 163.9368
5009.462402 91.808 162.5828
5045.763184 91.717 161.2673
5082.326660 91.612 160.0154
5119.155273 91.493 158.8311
5156.250977 91.361 157.7091
5193.615234 91.219 156.6629
5231.250488 91.066 155.7075
5269.158203 90.905 154.8381
5307.340820 90.737 154.0364
5345.799805 90.563 153.3412
5384.537598 90.384 152.7216
5423.556152 90.202 152.1877
5462.857422 90.018 151.7484
5502.443359 89.832 151.3868
5542.316406 89.646 151.1092
5582.478516 89.461 150.9328
5622.931641 89.277 150.8114
5663.677734 89.096 150.7823
5704.719238 88.919 150.8319
5746.058105 88.746 150.9588
5787.696289 88.578 151.1642
5829.636230 88.417 151.4081
5871.880371 88.264 151.7210
5914.430664 88.119 152.0734
5957.289062 87.983 152.4502
6000.458008 87.857 152.8437
6043.939941 87.738 153.2632
6087.736816 87.625 153.6289
6131.851074 87.514 154.0114
6176.285156 87.402 154.3563
6221.041016 87.284 154.7210
6266.121094 87.157 155.1197
6311.527832 87.022 155.6060
6357.263672 86.881 156.2258
6403.331055 86.739 157.0072
6449.732422 86.604 157.9759
6496.469727 86.485 159.1239
6543.545898 86.387 160.4463
6590.962891 86.316 161.8476
6638.723633 86.273 163.3405
6686.830566 86.259 164.8867
6735.286133 86.275 166.4334
6784.092773 86.321 167.9872
6833.252930 86.396 169.5543
6882.769531 86.501 171.0888
6932.645020 86.637 172.5796
6982.881836 86.804 173.9945
7033.482910 87.003 175.3459
7084.450195 87.236 176.5865
7135.787109 87.503 177.6946
7187.496094 87.805 178.6533
7239.579590 88.142 179.4032
7292.040527 88.513 179.9061
7344.881836 88.914 -179.8942
7398.105957 89.342 179.9771
7451.715820 89.788 179.4479
7505.713867 90.245 178.4593
7560.103516 90.700 177.0011
7614.887207 91.140 175.0084
7670.067871 91.548 172.4726
7725.648438 91.909 169.4364
7781.631836 92.204 165.9340
7838.020508 92.418 162.0238
7894.817871 92.536 157.8159
7952.026855 92.549 153.4087
8009.650391 92.450 148.9634
8067.691406 92.239 144.5824
8126.153320 91.921 140.4477
8185.038574 91.504 136.6566
8244.350586 91.001 133.2781
8304.092773 90.423 130.4172
8364.267578 89.785 128.0888
8424.878906 89.095 126.3428
8485.928711 88.364 125.2382
8547.420898 87.599 124.8166
8609.359375 86.812 125.1850
8671.746094 86.018 126.4286
8734.584961 85.243 128.6308
8797.878906 84.517 131.7629
8861.631836 83.874 135.6801
8925.846680 83.338 140.1355
8990.527344 82.918 144.9115
9055.676758 82.614 149.8202
9121.297852 82.419 154.7745
9187.394531 82.330 159.6826
9253.969727 82.336 164.3905
9321.027344 82.424 168.7989
9388.571289 82.573 172.8215
9456.604492 82.765 176.4714
9525.130859 82.984 179.8281
9594.154297 83.225 -177.0493
9663.677734 83.486 -174.0555
9733.705078 83.769 -171.1542
9804.239258 84.078 -168.3516
9875.285156 84.416 -165.6129
9946.845703 84.785 -162.9767
10018.924805 85.187 -160.4611
10091.526367 85.624 -158.0727
10164.653320 86.096 -155.8406
10238.310547 86.604 -153.7897
10312.501953 87.147 -151.9581
10387.230469 87.725 -150.3574
10462.500977 88.336 -149.0193
10538.316406 88.979 -147.9871
10614.681641 89.651 -147.2818
10691.599609 90.347 -146.9141
10769.075195 91.067 -146.9261
10847.112305 91.806 -147.3663
10925.714844 92.559 -148.2354
11004.886719 93.321 -149.5917
11084.632812 94.081 -151.4629
11164.957031 94.830 -153.8684
11245.863281 95.555 -156.8569
11327.355469 96.246 -160.3917
11409.438477 96.892 -164.4344
11492.116211 97.482 -169.0105
11575.392578 98.006 -174.0358
11659.272461 98.457 -179.4844
11743.760742 98.826 174.7064
11828.861328 99.108 168.5879
11914.578125 99.298 162.2225
12000.916016 99.390 155.6780
12087.879883 99.373 149.0149
12175.473633 99.224 142.3510
12263.702148 98.920 135.9156
12352.570312 98.442 130.0553
12442.082031 97.802 125.2079
12532.242188 97.051 121.7292
12623.055664 96.278 119.5850
12714.527344 95.578 118.4438
12806.662109 95.005 117.6634
12899.464844 94.560 116.8585
12992.939453 94.209 115.8922
13087.091797 93.926 114.7642
13181.925781 93.693 113.4944
13277.447266 93.490 112.0355
13373.661133 93.296 110.4075
13470.572266 93.096 108.6808
13568.185547 92.884 106.9190
13666.505859 92.660 105.1640
13765.539062 92.423 103.4253
13865.290039 92.164 101.7147
13965.763672 91.872 100.1589
14066.965820 91.542 98.9488
14168.900391 91.197 98.3179
14271.574219 90.886 98.4102
14374.992188 90.676 99.0416
14479.159180 90.613 99.7775
14584.081055 90.692 99.9818
14689.763672 90.862 99.2874
14796.211914 91.055 97.5964
14903.431641 91.221 95.0286
15011.427734 91.325 91.7169
15120.207031 91.343 87.8162
15229.774414 91.250 83.4814
15340.135742 91.023 78.8899
15451.296875 90.646 74.3242
15563.263672 90.112 70.0112
15676.041016 89.429 66.2812
15789.635742 88.617 63.3623
15904.053711 87.709 61.4987
16019.300781 86.748 60.7412
16135.382812 85.782 61.1194
16252.306641 84.862 62.4923
16370.077148 84.040 64.5666
16488.701172 83.353 66.9298
16608.185547 82.812 69.0710
16728.535156 82.403 70.6539
16849.757812 82.089 71.4662
16971.857422 81.818 71.4193
17094.841797 81.530 70.6262
17218.718750 81.161 69.3720
17343.492188 80.663 68.3457
17469.169922 80.031 68.4961
17595.757812 79.339 70.8063
17723.263672 78.734 75.3264
17851.693359 78.359 80.4873
17981.054688 78.232 83.9696
18111.353516 78.238 84.7631
18242.595703 78.231 83.2743
18374.789062 78.117 80.3664
18507.939453 77.863 76.7893
18642.054688 77.474 73.0365
18777.142578 76.960 69.3492
18913.208984 76.324 66.0208
19050.261719 75.570 63.3252
19188.308594 74.719 61.6584
19327.355469 73.817 61.2847
19467.410156 72.929 62.5154
19608.478516 72.137 65.4161
19750.570312 71.535 69.4443
19893.691406 71.171 73.1666
20037.849609 0.000 435.0800
