* Measurement data measured by REW V5.30.4
* Source: Headset (2- CX31993 HIFI AUDIO), MICROPHONE (Master Volume), L, volume: 0.500
* Format: 256k Log Swept Sine, 1 sweep at -12.0 dBFS with no timing reference
* Dated: 07 1, 24 7:52:33 AM
* REW Settings:
*  C-weighting compensation: Off
*  Target level: 75.0 dB
* Note: ; 
* Measurement: Moondrop Stellaris HDF R
* Smoothing: 1/12 octave
* Frequency Step: 96 ppo
* Start Frequency: 20.141602 Hz
*
* Freq(Hz) SPL(dB) Phase(degrees)
20.141602 91.300 -168.3082
20.287556 91.307 -168.4183
20.434568 91.317 -168.6333
20.582645 91.329 -168.9256
20.731796 91.342 -169.2688
20.882027 91.355 -169.6394
21.033346 91.369 -170.0214
21.185762 91.384 -170.4072
21.339283 91.400 -170.7820
21.493916 91.419 -171.1426
21.649670 91.439 -171.4890
21.806553 91.459 -171.8232
21.964573 91.479 -172.1469
22.123737 91.497 -172.4672
22.284056 91.510 -172.7771
22.445536 91.516 -173.0692
22.608185 91.516 -173.3354
22.772013 91.508 -173.5662
22.937029 91.492 -173.7524
23.103241 91.472 -173.8920
23.270657 91.449 -173.9809
23.439285 91.427 -174.0202
23.609137 91.408 -174.0210
23.780218 91.396 -174.0007
23.952539 91.393 -173.9820
24.126110 91.400 -173.9946
24.300938 91.415 -174.0573
24.477032 91.436 -174.1848
24.654402 91.462 -174.3863
24.833057 91.488 -174.6616
25.013008 91.512 -175.0025
25.194263 91.531 -175.3994
25.376831 91.544 -175.8255
25.560722 91.551 -176.2594
25.745945 91.551 -176.6815
25.932510 91.548 -177.0767
26.120428 91.541 -177.4404
26.309708 91.533 -177.7678
26.500359 91.526 -178.0594
26.692390 91.520 -178.3227
26.885815 91.515 -178.5672
27.080641 91.511 -178.8047
27.276878 91.507 -179.0436
27.474539 91.501 -179.2844
27.673630 91.494 -179.5283
27.874165 91.484 -179.7742
28.076153 91.472 179.9776
28.279604 91.458 179.7274
28.484529 91.444 179.4787
28.690941 91.431 179.2302
28.898848 91.419 178.9788
29.108261 91.408 178.7183
29.319191 91.399 178.4460
29.531651 91.392 178.1628
29.745649 91.384 177.8691
29.961199 91.377 177.5676
30.178310 91.369 177.2581
30.396996 91.359 176.9484
30.617264 91.348 176.6437
30.839128 91.335 176.3474
31.062601 91.321 176.0598
31.287693 91.305 175.7800
31.514416 91.288 175.5110
31.742783 91.270 175.2526
31.972803 91.251 175.0044
32.204491 91.231 174.7632
32.437859 91.212 174.5315
32.672916 91.193 174.3085
32.909679 91.175 174.0923
33.148155 91.159 173.8767
33.388359 91.144 173.6588
33.630306 91.131 173.4365
33.874004 91.118 173.2069
34.119469 91.105 172.9669
34.366711 91.091 172.7177
34.615746 91.076 172.4643
34.866585 91.058 172.2108
35.119244 91.039 171.9601
35.373734 91.019 171.7150
35.630066 90.998 171.4790
35.888256 90.978 171.2520
36.148315 90.959 171.0299
36.410259 90.942 170.8114
36.674103 90.926 170.5968
36.939857 90.912 170.3856
37.207539 90.898 170.1758
37.477161 90.885 169.9697
37.748737 90.872 169.7679
38.022282 90.859 169.5702
38.297806 90.844 169.3725
38.575329 90.828 169.1772
38.854862 90.812 168.9835
39.136421 90.794 168.7899
39.420021 90.776 168.5962
39.705673 90.759 168.4030
39.993397 90.742 168.2089
40.283207 90.727 168.0091
40.575115 90.714 167.8035
40.869141 90.701 167.5900
41.165295 90.688 167.3671
41.463596 90.673 167.1383
41.764057 90.654 166.9114
42.066696 90.633 166.6925
42.371529 90.609 166.4852
42.678570 90.583 166.2909
42.987835 90.557 166.1049
43.299343 90.532 165.9166
43.613110 90.509 165.7213
43.929150 90.487 165.5148
44.247478 90.464 165.2962
44.568115 90.441 165.0731
44.891075 90.417 164.8534
45.216373 90.391 164.6414
45.544029 90.363 164.4387
45.874062 90.333 164.2443
46.206486 90.301 164.0543
46.541317 90.265 163.8687
46.878574 90.227 163.6906
47.218277 90.189 163.5214
47.560440 90.152 163.3620
47.905083 90.120 163.2089
48.252224 90.095 163.0532
48.601879 90.075 162.8879
48.954067 90.060 162.7109
49.308807 90.048 162.5250
49.666119 90.035 162.3397
50.026020 90.020 162.1639
50.388531 90.002 162.0010
50.753666 89.982 161.8529
51.121449 89.960 161.7137
51.491894 89.936 161.5759
51.865025 89.912 161.4349
52.240860 89.887 161.2864
52.619419 89.863 161.1299
53.000721 89.839 160.9670
53.384785 89.814 160.7987
53.771633 89.789 160.6304
54.161285 89.763 160.4656
54.553761 89.735 160.3071
54.949081 89.707 160.1567
55.347263 89.676 160.0121
55.748333 89.646 159.8726
56.152309 89.615 159.7360
56.559212 89.584 159.6006
56.969063 89.554 159.4661
57.381886 89.525 159.3296
57.797699 89.496 159.1937
58.216526 89.468 159.0590
58.638386 89.440 158.9256
59.063305 89.413 158.7927
59.491302 89.386 158.6577
59.922401 89.360 158.5201
60.356625 89.334 158.3773
60.793995 89.308 158.2302
61.234531 89.282 158.0790
61.678261 89.256 157.9254
62.125206 89.230 157.7723
62.575390 89.203 157.6228
63.028835 89.174 157.4802
63.485569 89.145 157.3447
63.945610 89.114 157.2170
64.408989 89.082 157.0922
64.875725 89.050 156.9677
65.345840 89.017 156.8423
65.819366 88.985 156.7184
66.296318 88.952 156.5980
66.776726 88.921 156.4831
67.260620 88.890 156.3744
67.748016 88.859 156.2700
68.238945 88.826 156.1673
68.733429 88.792 156.0665
69.231499 88.756 155.9692
69.733177 88.720 155.8742
70.238495 88.686 155.7788
70.747475 88.653 155.6816
71.260139 88.622 155.5825
71.776520 88.592 155.4840
72.296638 88.563 155.3903
72.820526 88.533 155.3036
73.348213 88.502 155.2238
73.879723 88.471 155.1499
74.415085 88.439 155.0791
74.954330 88.407 155.0114
75.497482 88.374 154.9456
76.044571 88.341 154.8788
76.595619 88.309 154.8070
77.150665 88.277 154.7275
77.709732 88.244 154.6411
78.272850 88.212 154.5517
78.840050 88.180 154.4649
79.411354 88.148 154.3853
79.986801 88.115 154.3132
80.566422 88.083 154.2462
81.150238 88.050 154.1827
81.738289 88.018 154.1210
82.330597 87.986 154.0574
82.927200 87.955 153.9905
83.528122 87.924 153.9210
84.133400 87.894 153.8466
84.743065 87.864 153.7671
85.357147 87.833 153.6863
85.975677 87.801 153.6081
86.598694 87.770 153.5372
87.226227 87.739 153.4715
87.858307 87.710 153.4099
88.494965 87.681 153.3535
89.136238 87.652 153.3004
89.782158 87.623 153.2498
90.432755 87.592 153.2013
91.088066 87.558 153.1567
91.748131 87.523 153.1160
92.412979 87.487 153.0754
93.082642 87.453 153.0350
93.757156 87.421 152.9978
94.436562 87.391 152.9677
95.120888 87.362 152.9413
95.810173 87.333 152.9104
96.504456 87.301 152.8723
97.203766 87.264 152.8276
97.908142 87.224 152.7795
98.617622 87.183 152.7346
99.332245 87.142 152.6908
100.052048 87.104 152.6480
100.777069 87.069 152.6084
101.507339 87.034 152.5794
102.242905 87.001 152.5609
102.983795 86.967 152.5458
103.730057 86.934 152.5217
104.481728 86.900 152.4890
105.238846 86.866 152.4525
106.001450 86.831 152.4213
106.769577 86.796 152.3990
107.543274 86.760 152.3859
108.322578 86.724 152.3748
109.107529 86.687 152.3616
109.898170 86.650 152.3455
110.694534 86.614 152.3342
111.496674 86.578 152.3373
112.304626 86.545 152.3619
113.118431 86.513 152.4108
113.938133 86.482 152.4823
114.763779 86.452 152.5721
115.595406 86.421 152.6812
116.433060 86.389 152.8078
117.276779 86.355 152.9502
118.126617 86.321 153.0933
118.982613 86.285 153.1868
119.844810 86.250 153.1753
120.713257 86.214 153.0247
121.587997 86.177 152.7552
122.469070 86.140 152.4283
123.356529 86.102 152.1100
124.250420 86.067 151.8515
125.150787 86.034 151.6857
126.057678 86.004 151.6288
126.971146 85.975 151.6772
127.891228 85.947 151.8009
128.817978 85.920 151.9557
129.751450 85.890 152.1004
130.691681 85.851 152.2274
131.638733 85.805 152.3472
132.592636 85.754 152.4712
133.553452 85.703 152.6087
134.521240 85.658 152.7643
135.496033 85.619 152.9306
136.477890 85.586 153.0905
137.466858 85.556 153.2291
138.462997 85.529 153.3475
139.466354 85.502 153.4733
140.476990 85.475 153.6411
141.494949 85.444 153.8630
142.520279 85.412 154.1379
143.553040 85.377 154.4594
144.593277 85.341 154.8142
145.641052 85.303 155.1751
146.696426 85.263 155.4946
147.759445 85.228 155.7325
148.830170 85.204 155.8738
149.908661 85.198 155.9265
150.994965 85.209 155.9106
152.089142 85.230 155.8557
153.191238 85.251 155.8014
154.301331 85.267 155.7609
155.419464 85.275 155.7194
156.545700 85.279 155.6616
157.680099 85.277 155.5785
158.822708 85.273 155.4714
159.973602 85.264 155.3542
161.132843 85.251 155.2322
162.300476 85.233 155.1110
163.476578 85.209 154.9948
164.661194 85.181 154.8895
165.854401 85.151 154.8013
167.056244 85.119 154.7339
168.266800 85.087 154.6826
169.486130 85.055 154.6459
170.714294 85.023 154.6224
171.951355 84.991 154.6104
173.197388 84.959 154.6104
174.452454 84.926 154.6216
175.716614 84.892 154.6448
176.989929 84.858 154.6823
178.272476 84.825 154.7269
179.564316 84.793 154.7770
180.865509 84.762 154.8301
182.176132 84.732 154.8739
183.496262 84.703 154.9160
184.825958 84.675 154.9564
186.165283 84.648 155.0001
187.514313 84.620 155.0520
188.873123 84.591 155.1094
190.241776 84.560 155.1805
191.620346 84.527 155.2504
193.008911 84.493 155.3273
194.407532 84.460 155.3968
195.816284 84.428 155.4729
197.235245 84.397 155.5488
198.664490 84.367 155.6265
200.104095 84.338 155.7066
201.554138 84.310 155.7884
203.014679 84.282 155.8723
204.485809 84.255 155.9581
205.967590 84.229 156.0473
207.460114 84.203 156.1385
208.963455 84.177 156.2363
210.477692 84.151 156.3344
212.002899 84.124 156.4283
213.539154 84.096 156.5162
215.086548 84.067 156.5976
216.645157 84.037 156.6775
218.215057 84.007 156.7480
219.796341 83.975 156.8116
221.389069 83.944 156.8727
222.993347 83.913 156.9323
224.609253 83.884 156.9984
226.236862 83.859 157.0787
227.876266 83.836 157.1747
229.527557 83.815 157.2789
231.190811 83.794 157.3826
232.866119 83.772 157.4862
234.553558 83.750 157.5857
236.253235 83.726 157.6885
237.965225 83.701 157.7944
239.689621 83.676 157.9002
241.426514 83.651 158.0133
243.175995 83.627 158.1323
244.938141 83.604 158.2541
246.713058 83.581 158.3750
248.500839 83.559 158.4978
250.301575 83.537 158.6145
252.115356 83.515 158.7275
253.942291 83.493 158.8387
255.782455 83.470 158.9455
257.635956 83.447 159.0550
259.502899 83.425 159.1620
261.383362 83.404 159.2682
263.277466 83.384 159.3817
265.185272 83.364 159.4951
267.106903 83.343 159.6104
269.042480 83.322 159.7231
270.992065 83.301 159.8385
272.955780 83.280 159.9542
274.933716 83.259 160.0722
276.925995 83.238 160.1963
278.932709 83.218 160.3174
280.953979 83.197 160.4419
282.989899 83.176 160.5716
285.040558 83.155 160.6965
287.106079 83.135 160.8215
289.186554 83.115 160.9470
291.282104 83.095 161.0735
293.392853 83.075 161.2003
295.518890 83.056 161.3289
297.660339 83.036 161.4555
299.817322 83.017 161.5811
301.989929 82.997 161.7103
304.178284 82.978 161.8378
306.382477 82.959 161.9642
308.602661 82.941 162.0932
310.838928 82.923 162.2240
313.091400 82.905 162.3557
315.360199 82.888 162.4903
317.645416 82.871 162.6243
319.947205 82.853 162.7623
322.265686 82.836 162.8992
324.600952 82.819 163.0358
326.953156 82.802 163.1742
329.322388 82.786 163.3113
331.708801 82.769 163.4479
334.112488 82.753 163.5852
336.533600 82.737 163.7251
338.972260 82.721 163.8658
341.428589 82.705 164.0086
343.902710 82.689 164.1517
346.394775 82.674 164.2969
348.904907 82.659 164.4416
351.433228 82.644 164.5887
353.979858 82.630 164.7329
356.544952 82.615 164.8774
359.128632 82.601 165.0222
361.731018 82.587 165.1657
364.352264 82.573 165.3109
366.992523 82.559 165.4554
369.651917 82.545 165.6057
372.330566 82.532 165.7505
375.028625 82.518 165.9045
377.746246 82.505 166.0559
380.483551 82.491 166.2103
383.240692 82.478 166.3632
386.017822 82.466 166.5177
388.815063 82.453 166.6758
391.632568 82.441 166.8284
394.470490 82.429 166.9829
397.328979 82.417 167.1376
400.208191 82.406 167.2896
403.108276 82.395 167.4462
406.029358 82.384 167.5995
408.971619 82.373 167.7516
411.935181 82.363 167.9049
414.920227 82.352 168.0639
417.926910 82.342 168.2195
420.955383 82.332 168.3795
424.005798 82.322 168.5360
427.078308 82.312 168.6957
430.173096 82.302 168.8575
433.290314 82.293 169.0210
436.430115 82.284 169.1904
439.592682 82.275 169.3586
442.778137 82.266 169.5259
445.986694 82.258 169.6933
449.218506 82.250 169.8657
452.473724 82.242 170.0377
455.752533 82.235 170.2086
459.055115 82.228 170.3764
462.381622 82.221 170.5488
465.732239 82.214 170.7161
469.107117 82.208 170.8815
472.506470 82.201 171.0525
475.930450 82.195 171.2194
479.379242 82.189 171.3888
482.853027 82.184 171.5610
486.351990 82.178 171.7327
489.876282 82.173 171.9106
493.426117 82.168 172.0891
497.001678 82.163 172.2604
500.603149 82.159 172.4383
504.230713 82.154 172.6142
507.884583 82.150 172.7914
511.564911 82.146 172.9674
515.271912 82.142 173.1469
519.005798 82.139 173.3302
522.766724 82.136 173.5096
526.554932 82.133 173.6973
530.370544 82.131 173.8791
534.213806 82.129 174.0687
538.084961 82.127 174.2531
541.984131 82.125 174.4369
545.911560 82.124 174.6273
549.867432 82.123 174.8143
553.851990 82.122 175.0011
557.865417 82.122 175.1898
561.907959 82.121 175.3828
565.979797 82.122 175.5740
570.081116 82.122 175.7661
574.212158 82.123 175.9589
578.373108 82.124 176.1526
582.564209 82.125 176.3481
586.785706 82.127 176.5464
591.037781 82.129 176.7422
595.320679 82.132 176.9396
599.634644 82.135 177.1406
603.979858 82.138 177.3418
608.356567 82.142 177.5446
612.764954 82.146 177.7498
617.205322 82.151 177.9512
621.677856 82.157 178.1558
626.182800 82.162 178.3603
630.720398 82.168 178.5681
635.290833 82.174 178.7760
639.894409 82.181 178.9853
644.531372 82.188 179.1978
649.201904 82.195 179.4117
653.906311 82.203 179.6254
658.644775 82.211 179.8435
663.417603 82.220 -179.9400
668.224976 82.229 -179.7228
673.067200 82.239 -179.5058
677.944519 82.249 -179.2886
682.857178 82.260 -179.0712
687.805420 82.271 -178.8524
692.789551 82.283 -178.6264
697.809814 82.296 -178.4037
702.866455 82.309 -178.1755
707.959717 82.323 -177.9455
713.089905 82.338 -177.7166
718.257263 82.353 -177.4895
723.462036 82.369 -177.2536
728.704529 82.385 -177.0223
733.985046 82.403 -176.7921
739.303833 82.421 -176.5568
744.661133 82.440 -176.3221
750.057251 82.460 -176.0891
755.492493 82.481 -175.8536
760.967102 82.502 -175.6187
766.481384 82.525 -175.3815
772.035645 82.548 -175.1439
777.630127 82.572 -174.9026
783.265137 82.597 -174.6650
788.940979 82.623 -174.4219
794.657959 82.650 -174.1847
800.416382 82.677 -173.9493
806.216553 82.706 -173.7104
812.058716 82.736 -173.4750
817.943237 82.767 -173.2357
823.870361 82.799 -172.9967
829.840454 82.832 -172.7627
835.853821 82.866 -172.5277
841.910767 82.901 -172.2955
848.011597 82.937 -172.0608
854.156616 82.975 -171.8328
860.346191 83.014 -171.6051
866.580627 83.054 -171.3791
872.860229 83.096 -171.1550
879.185364 83.139 -170.9384
885.556274 83.183 -170.7207
891.973389 83.228 -170.5121
898.437012 83.274 -170.2997
904.947449 83.322 -170.0933
911.505066 83.370 -169.8967
918.110229 83.420 -169.6990
924.763245 83.471 -169.5100
931.464478 83.523 -169.3192
938.214233 83.576 -169.1388
945.012939 83.630 -168.9651
951.860901 83.686 -168.8023
958.758484 83.742 -168.6404
965.706055 83.800 -168.4908
972.703979 83.859 -168.3439
979.752563 83.919 -168.2029
986.852234 83.979 -168.0757
994.003357 84.041 -167.9521
1001.206299 84.103 -167.8368
1008.461426 84.166 -167.7274
1015.769165 84.230 -167.6348
1023.129822 84.294 -167.5460
1030.543823 84.359 -167.4656
1038.011597 84.424 -167.3966
1045.533447 84.490 -167.3357
1053.109863 84.557 -167.2799
1060.741089 84.623 -167.2395
1068.427612 84.691 -167.2061
1076.169922 84.758 -167.1758
1083.968262 84.826 -167.1579
1091.823120 84.894 -167.1499
1099.734863 84.962 -167.1475
1107.703979 85.031 -167.1533
1115.730835 85.100 -167.1711
1123.815918 85.168 -167.1935
1131.959595 85.237 -167.2226
1140.162231 85.306 -167.2672
1148.424316 85.374 -167.3067
1156.746216 85.443 -167.3583
1165.128418 85.511 -167.4135
1173.571411 85.579 -167.4755
1182.075562 85.648 -167.5460
1190.641357 85.716 -167.6161
1199.269287 85.785 -167.6996
1207.959717 85.853 -167.7882
1216.713135 85.922 -167.8793
1225.529907 85.990 -167.9803
1234.410645 86.059 -168.0816
1243.355713 86.127 -168.1913
1252.365601 86.195 -168.3015
1261.440796 86.264 -168.4209
1270.581665 86.332 -168.5345
1279.788818 86.400 -168.6561
1289.062744 86.469 -168.7837
1298.403809 86.538 -168.9126
1307.812622 86.607 -169.0445
1317.289551 86.677 -169.1876
1326.835205 86.747 -169.3265
1336.449951 86.817 -169.4720
1346.134399 86.888 -169.6210
1355.889038 86.959 -169.7783
1365.714355 87.030 -169.9353
1375.610840 87.102 -170.0945
1385.579102 87.174 -170.2547
1395.619629 87.247 -170.4250
1405.732910 87.320 -170.5977
1415.919434 87.394 -170.7787
1426.179810 87.469 -170.9616
1436.514526 87.544 -171.1550
1446.924072 87.621 -171.3443
1457.409058 87.698 -171.5493
1467.970093 87.775 -171.7568
1478.607666 87.854 -171.9731
1489.322266 87.932 -172.1863
1500.114502 88.012 -172.4079
1510.984985 88.092 -172.6371
1521.934204 88.173 -172.8811
1532.962769 88.255 -173.1227
1544.071289 88.339 -173.3779
1555.260254 88.423 -173.6394
1566.530273 88.509 -173.9104
1577.881958 88.597 -174.1828
1589.315918 88.686 -174.4822
1600.832764 88.777 -174.7880
1612.433105 88.868 -175.0981
1624.117432 88.960 -175.4248
1635.886475 89.053 -175.7579
1647.740723 89.145 -176.1032
1659.680908 89.238 -176.4537
1671.707642 89.330 -176.8210
1683.821533 89.424 -177.2036
1696.023193 89.517 -177.6019
1708.313232 89.612 -178.0046
1720.692383 89.707 -178.4279
1733.161255 89.803 -178.8647
1745.720459 89.899 -179.3256
1758.370728 89.997 -179.7969
1771.112549 90.094 179.7097
1783.946777 90.192 179.2111
1796.874023 90.291 178.6976
1809.894897 90.389 178.1473
1823.010132 90.488 177.5906
1836.220459 90.586 177.0170
1849.526489 90.685 176.4194
1862.928955 90.784 175.8082
1876.428467 90.882 175.1680
1890.025879 90.981 174.5134
1903.721802 91.079 173.8312
1917.516968 91.177 173.1315
1931.412109 91.274 172.4052
1945.407959 91.370 171.6622
1959.505127 91.466 170.8944
1973.704468 91.560 170.1048
1988.006714 91.653 169.2970
2002.412598 91.744 168.4606
2016.922852 91.835 167.6047
2031.538330 91.923 166.7228
2046.259644 92.010 165.8203
2061.087646 92.094 164.8959
2076.023193 92.177 163.9561
2091.066895 92.258 162.9827
2106.219727 92.336 161.9952
2121.482178 92.412 160.9758
2136.855225 92.485 159.9501
2152.339844 92.555 158.9027
2167.936523 92.623 157.8444
2183.646240 92.687 156.7441
2199.469727 92.748 155.6388
2215.407959 92.806 154.5107
2231.461670 92.861 153.3655
2247.631836 92.913 152.2062
2263.919189 92.961 151.0303
2280.324463 93.006 149.8405
2296.848633 93.047 148.6233
2313.492432 93.084 147.3831
2330.256836 93.116 146.1238
2347.142822 93.144 144.8483
2364.151123 93.167 143.5592
2381.282715 93.184 142.2566
2398.538574 93.195 140.9291
2415.919434 93.199 139.5935
2433.426270 93.197 138.2538
2451.059814 93.187 136.9081
2468.821289 93.169 135.5544
2486.711426 93.144 134.2137
2504.731201 93.111 132.8607
2522.881592 93.070 131.5285
2541.163330 93.022 130.2230
2559.577637 92.967 128.9458
2578.125488 92.905 127.7118
2596.807617 92.837 126.4595
2615.625244 92.763 125.2639
2634.579102 92.685 124.0996
2653.670410 92.602 122.9859
2672.899902 92.515 121.9125
2692.268799 92.424 120.8714
2711.778076 92.331 119.8520
2731.428711 92.235 118.8797
2751.221680 92.136 117.9535
2771.158203 92.036 117.0651
2791.239258 91.934 116.2061
2811.465820 91.830 115.3976
2831.838867 91.726 114.6339
2852.359619 91.620 113.9001
2873.029053 91.515 113.2224
2893.848145 91.410 112.5879
2914.818115 91.306 111.9871
2935.940186 91.204 111.4734
2957.215332 91.105 110.9767
2978.644531 91.011 110.5351
3000.229004 90.923 110.1302
3021.969971 90.842 109.7756
3043.868408 90.769 109.4281
3065.925537 90.704 109.0729
3088.142578 90.646 108.7277
3110.520508 90.595 108.3709
3133.060547 90.549 107.9687
3155.763916 90.507 107.5362
3178.631836 90.465 107.0936
3201.665527 90.423 106.6228
3224.866211 90.380 106.1326
3248.234863 90.334 105.6324
3271.772949 90.287 105.1355
3295.481445 90.239 104.6455
3319.361816 90.189 104.1662
3343.415283 90.139 103.6960
3367.643066 90.089 103.2382
3392.046387 90.039 102.8062
3416.626465 89.991 102.3763
3441.384766 89.944 101.9490
3466.322510 89.899 101.5507
3491.440918 89.855 101.1431
3516.741455 89.813 100.7409
3542.225098 89.772 100.3551
3567.893555 89.734 99.9734
3593.748047 89.696 99.5715
3619.789795 89.661 99.2035
3646.020264 89.626 98.8288
3672.440918 89.593 98.4322
3699.052979 89.561 98.0486
3725.857910 89.530 97.6750
3752.856934 89.500 97.2904
3780.051758 89.470 96.9270
3807.443604 89.441 96.5580
3835.033936 89.413 96.1996
3862.824219 89.385 95.8607
3890.815918 89.357 95.5240
3919.010254 89.331 95.2054
3947.408936 89.307 94.9209
3976.013428 89.286 94.6298
4004.825195 89.267 94.3831
4033.845703 89.253 94.1462
4063.076660 89.242 93.9151
4092.519287 89.236 93.7198
4122.175293 89.236 93.5367
4152.046387 89.240 93.3721
4182.133789 89.251 93.2077
4212.439453 89.268 93.0629
4242.964355 89.293 92.9372
4273.710449 89.327 92.8382
4304.679688 89.371 92.7526
4335.873047 89.428 92.6670
4367.292480 89.499 92.6103
4398.939453 89.588 92.5366
4430.815918 89.696 92.4431
4462.923340 89.825 92.3076
4495.263672 89.976 92.0793
4527.838379 90.148 91.7464
4560.648926 90.340 91.2540
4593.697266 90.547 90.5722
4626.984863 90.763 89.6705
4660.513672 90.983 88.5481
4694.285645 91.198 87.1562
4728.302246 91.401 85.5717
4762.565430 91.587 83.7565
4797.077148 91.751 81.7694
4831.838867 91.890 79.6320
4866.852539 92.001 77.3982
4902.119629 92.087 75.0714
4937.642578 92.146 72.7087
4973.422852 92.181 70.3010
5009.462402 92.192 67.8843
5045.763184 92.181 65.4491
5082.326660 92.147 63.0233
5119.155273 92.092 60.6156
5156.250977 92.015 58.2274
5193.615234 91.916 55.8816
5231.250488 91.798 53.6032
5269.158203 91.660 51.3979
5307.340820 91.505 49.2572
5345.799805 91.335 47.2284
5384.537598 91.152 45.2872
5423.556152 90.958 43.4482
5462.857422 90.755 41.7231
5502.443359 90.545 40.0960
5542.316406 90.330 38.5730
5582.478516 90.112 37.1699
5622.931641 89.893 35.8383
5663.677734 89.672 34.6130
5704.719238 89.453 33.4776
5746.058105 89.234 32.4281
5787.696289 89.018 31.4647
5829.636230 88.803 30.5488
5871.880371 88.589 29.7168
5914.430664 88.376 28.9510
5957.289062 88.163 28.2540
6000.458008 87.952 27.6404
6043.939941 87.742 27.1429
6087.736816 87.537 26.7013
6131.851074 87.337 26.3964
6176.285156 87.146 26.1680
6221.041016 86.967 26.0478
6266.121094 86.800 26.0048
6311.527832 86.647 26.0353
6357.263672 86.509 26.1265
6403.331055 86.387 26.2588
6449.732422 86.281 26.4319
6496.469727 86.191 26.6355
6543.545898 86.117 26.8818
6590.962891 86.058 27.1031
6638.723633 86.014 27.3436
6686.830566 85.983 27.5953
6735.286133 85.965 27.8343
6784.092773 85.961 28.0935
6833.252930 85.971 28.4026
6882.769531 85.999 28.7345
6932.645020 86.046 29.0915
6982.881836 86.117 29.4497
7033.482910 86.213 29.8268
7084.450195 86.337 30.1801
7135.787109 86.491 30.4940
7187.496094 86.676 30.7606
7239.579590 86.895 30.9337
7292.040527 87.147 30.9914
7344.881836 87.435 30.8954
7398.105957 87.760 30.6356
7451.715820 88.122 30.1483
7505.713867 88.520 29.3722
7560.103516 88.951 28.2776
7614.887207 89.411 26.7607
7670.067871 89.889 24.7523
7725.648438 90.373 22.2166
7781.631836 90.846 19.0975
7838.020508 91.289 15.3601
7894.817871 91.679 11.0260
7952.026855 91.996 6.1196
8009.650391 92.218 0.7527
8067.691406 92.328 -4.9886
8126.153320 92.314 -10.9001
8185.038574 92.170 -16.8267
8244.350586 91.897 -22.6146
8304.092773 91.502 -28.0627
8364.267578 90.999 -33.0642
8424.878906 90.404 -37.4957
8485.928711 89.733 -41.2572
8547.420898 89.007 -44.3097
8609.359375 88.245 -46.6031
8671.746094 87.468 -48.1602
8734.584961 86.696 -49.0178
8797.878906 85.944 -49.2654
8861.631836 85.220 -48.9746
8925.846680 84.524 -48.1721
8990.527344 83.856 -46.7680
9055.676758 83.224 -44.6341
9121.297852 82.650 -41.6001
9187.394531 82.170 -37.6388
9253.969727 81.826 -33.0168
9321.027344 81.639 -28.1741
9388.571289 81.604 -23.5979
9456.604492 81.691 -19.5563
9525.130859 81.867 -16.0888
9594.154297 82.105 -13.1504
9663.677734 82.386 -10.6035
9733.705078 82.703 -8.3654
9804.239258 83.050 -6.3954
9875.285156 83.426 -4.6176
9946.845703 83.834 -3.0370
10018.924805 84.272 -1.6464
10091.526367 84.744 -0.4342
10164.653320 85.250 0.5840
10238.310547 85.792 1.3927
10312.501953 86.372 1.9600
10387.230469 86.990 2.2766
10462.500977 87.648 2.3088
10538.316406 88.343 2.0052
10614.681641 89.077 1.3285
10691.599609 89.844 0.2436
10769.075195 90.640 -1.3188
10847.112305 91.459 -3.4285
10925.714844 92.292 -6.0947
11004.886719 93.130 -9.3751
11084.632812 93.963 -13.2966
11164.957031 94.778 -17.8855
11245.863281 95.560 -23.2070
11327.355469 96.290 -29.2452
11409.438477 96.945 -35.9751
11492.116211 97.500 -43.4125
11575.392578 97.924 -51.4242
11659.272461 98.187 -59.8744
11743.760742 98.261 -68.5085
11828.861328 98.126 -76.9885
11914.578125 97.784 -84.8840
12000.916016 97.262 -91.7386
12087.879883 96.626 -97.2083
12175.473633 95.971 -101.1974
12263.702148 95.412 -103.9969
12352.570312 95.032 -106.2477
12442.082031 94.851 -108.6302
12532.242188 94.823 -111.5867
12623.055664 94.875 -115.3262
12714.527344 94.939 -119.7312
12806.662109 94.966 -124.6934
12899.464844 94.927 -129.9698
12992.939453 94.809 -135.3586
13087.091797 94.612 -140.6740
13181.925781 94.351 -145.7244
13277.447266 94.049 -150.4365
13373.661133 93.734 -154.8032
13470.572266 93.426 -158.8802
13568.185547 93.137 -162.7515
13666.505859 92.873 -166.4768
13765.539062 92.636 -170.1031
13865.290039 92.428 -173.6863
13965.763672 92.254 -177.2532
14066.965820 92.116 179.1072
14168.900391 92.012 175.2839
14271.574219 91.931 171.1972
14374.992188 91.852 166.7833
14479.159180 91.753 162.1353
14584.081055 91.629 157.3231
14689.763672 91.500 152.4807
14796.211914 91.401 147.5610
14903.431641 91.360 142.3379
15011.427734 91.371 136.4551
15120.207031 91.386 129.6586
15229.774414 91.329 121.8640
15340.135742 91.117 113.2076
15451.296875 90.684 104.1019
15563.263672 89.996 94.9838
15676.041016 89.044 86.4130
15789.635742 87.843 78.8438
15904.053711 86.420 72.7416
16019.300781 84.812 68.4026
16135.382812 83.062 66.1695
16252.306641 81.221 66.2850
16370.077148 79.356 68.8868
16488.701172 77.569 74.2042
16608.185547 76.028 83.3282
16728.535156 75.011 99.9998
16849.757812 74.820 128.3825
16971.857422 75.501 156.1145
17094.841797 76.739 169.4299
17218.718750 78.153 172.2761
17343.492188 79.490 169.4874
17469.169922 80.618 163.4240
17595.757812 81.470 155.3659
17723.263672 82.013 146.1292
17851.693359 82.246 136.4303
17981.054688 82.195 126.7936
18111.353516 81.910 117.6115
18242.595703 81.448 109.0841
18374.789062 80.860 101.2664
18507.939453 80.192 94.1030
18642.054688 79.463 87.4833
18777.142578 78.663 81.3767
18913.208984 77.779 76.0698
19050.261719 76.830 71.7488
19188.308594 75.868 68.3948
19327.355469 74.942 65.6181
19467.410156 74.067 63.1451
19608.478516 73.241 60.9167
19750.570312 72.487 59.0352
19893.691406 71.886 57.2966
20037.849609 0.000 415.0436
