* Measurement data measured by REW V5.31.3
* Source: Headset (CX31993 HIFI AUDIO), MICROPHONE (Master Volume), R, volume: 0.250
* Format: 256k Log Swept Sine, 1 sweep at -12.0 dBFS with no timing reference
* Dated: 01 20, 25 1:30:11 PM
* REW Settings:
*  C-weighting compensation: Off
*  Target level: 75.0 dB
* Note: ; 
* Measurement: Quarks2 FinchPreset L
* Smoothing: 1/12 octave
* Frequency Step: 96 ppo
* Start Frequency: 0.36621094 Hz
*
* Freq(Hz) SPL(dB) Phase(degrees)
0.366211 57.519 26.4994
0.368865 57.548 26.3886
0.371538 57.591 26.2245
0.374230 57.644 26.0220
0.376942 57.704 25.7937
0.379673 57.767 25.5487
0.382424 57.833 25.2931
0.385196 57.901 25.0308
0.387987 57.970 24.7639
0.390798 58.040 24.4937
0.393630 58.111 24.2209
0.396483 58.182 23.9459
0.399356 58.254 23.6690
0.402250 58.326 23.3903
0.405165 58.399 23.1099
0.408101 58.472 22.8280
0.411058 58.546 22.5447
0.414037 58.620 22.2600
0.417037 58.695 21.9740
0.420059 58.771 21.6867
0.423103 58.847 21.3984
0.426169 58.923 21.1090
0.429257 59.000 20.8186
0.432368 59.078 20.5273
0.435501 59.156 20.2351
0.438656 59.235 19.9421
0.441835 59.314 19.6484
0.445037 59.394 19.3541
0.448262 59.475 19.0591
0.451510 59.556 18.7636
0.454782 59.638 18.4675
0.458077 59.720 18.1710
0.461397 59.803 17.8741
0.464740 59.886 17.5768
0.468108 59.971 17.2791
0.471500 60.055 16.9812
0.474917 60.141 16.6830
0.478358 60.227 16.3845
0.481825 60.313 16.0858
0.485316 60.400 15.7869
0.488833 60.488 15.4878
0.492375 60.577 15.1885
0.495943 60.666 14.8890
0.499537 60.756 14.5894
0.503157 60.846 14.2896
0.506803 60.937 13.9896
0.510475 61.029 13.6894
0.514175 61.121 13.3890
0.517900 61.214 13.0884
0.521653 61.308 12.7876
0.525434 61.402 12.4865
0.529241 61.497 12.1851
0.533076 61.593 11.8834
0.536939 61.690 11.5814
0.540830 61.787 11.2790
0.544749 61.885 10.9761
0.548696 61.983 10.6727
0.552673 62.083 10.3689
0.556677 62.183 10.0644
0.560711 62.284 9.7593
0.564774 62.385 9.4535
0.568867 62.487 9.1469
0.572989 62.590 8.8395
0.577141 62.694 8.5312
0.581324 62.799 8.2219
0.585536 62.904 7.9116
0.589779 63.010 7.6000
0.594053 63.117 7.2873
0.598358 63.224 6.9733
0.602694 63.332 6.6578
0.607061 63.442 6.3408
0.611460 63.551 6.0222
0.615891 63.662 5.7019
0.620354 63.774 5.3797
0.624849 63.886 5.0557
0.629377 63.999 4.7296
0.633938 64.113 4.4013
0.638532 64.228 4.0707
0.643159 64.344 3.7377
0.647819 64.460 3.4021
0.652514 64.577 3.0639
0.657242 64.695 2.7229
0.662005 64.814 2.3789
0.666802 64.934 2.0317
0.671634 65.055 1.6814
0.676501 65.177 1.3276
0.681403 65.299 0.9703
0.686341 65.422 0.6092
0.691314 65.547 0.2442
0.696324 65.671 -0.1247
0.701370 65.797 -0.4979
0.706452 65.923 -0.8754
0.711571 66.049 -1.2572
0.716728 66.174 -1.6434
0.721921 66.299 -2.0339
0.727153 66.421 -2.4284
0.732422 66.540 -2.8265
0.737729 66.656 -3.2276
0.743075 66.769 -3.6310
0.748460 66.880 -4.0362
0.753883 66.989 -4.4427
0.759346 67.097 -4.8500
0.764849 67.204 -5.2578
0.770391 67.310 -5.6660
0.775974 67.416 -6.0744
0.781597 67.522 -6.4828
0.787261 67.627 -6.8911
0.792966 67.732 -7.2991
0.798712 67.837 -7.7068
0.804500 67.942 -8.1141
0.810329 68.046 -8.5210
0.816201 68.150 -8.9272
0.822116 68.254 -9.3329
0.828073 68.358 -9.7380
0.834074 68.461 -10.1424
0.840118 68.565 -10.5462
0.846206 68.668 -10.9492
0.852338 68.770 -11.3516
0.858514 68.873 -11.7533
0.864735 68.975 -12.1543
0.871001 69.077 -12.5547
0.877313 69.179 -12.9545
0.883670 69.281 -13.3537
0.890074 69.383 -13.7525
0.896524 69.484 -14.1508
0.903020 69.586 -14.5488
0.909564 69.687 -14.9465
0.916155 69.788 -15.3440
0.922794 69.889 -15.7415
0.929481 69.990 -16.1389
0.936216 70.091 -16.5365
0.943000 70.192 -16.9344
0.949834 70.292 -17.3326
0.956717 70.393 -17.7313
0.963649 70.494 -18.1308
0.970632 70.595 -18.5310
0.977666 70.695 -18.9322
0.984750 70.796 -19.3346
0.991886 70.897 -19.7383
0.999074 70.998 -20.1435
1.006314 71.099 -20.5505
1.013606 71.201 -20.9593
1.020951 71.302 -21.3702
1.028349 71.404 -21.7835
1.035801 71.506 -22.1994
1.043307 71.608 -22.6181
1.050867 71.711 -23.0398
1.058482 71.814 -23.4648
1.066152 71.917 -23.8935
1.073878 72.021 -24.3259
1.081660 72.125 -24.7625
1.089498 72.229 -25.2035
1.097393 72.334 -25.6491
1.105345 72.438 -26.0994
1.113355 72.543 -26.5546
1.121423 72.647 -27.0145
1.129549 72.751 -27.4789
1.137734 72.855 -27.9478
1.145979 72.958 -28.4207
1.154283 73.061 -28.8975
1.162647 73.164 -29.3778
1.171072 73.266 -29.8613
1.179558 73.368 -30.3478
1.188106 73.469 -30.8370
1.196715 73.570 -31.3285
1.205387 73.671 -31.8222
1.214122 73.772 -32.3178
1.222920 73.872 -32.8150
1.231782 73.972 -33.3136
1.240708 74.071 -33.8133
1.249699 74.170 -34.3140
1.258754 74.269 -34.8154
1.267876 74.368 -35.3174
1.277063 74.466 -35.8197
1.286318 74.564 -36.3221
1.295639 74.662 -36.8246
1.305027 74.759 -37.3269
1.314484 74.857 -37.8290
1.324009 74.954 -38.3306
1.333604 75.051 -38.8316
1.343268 75.148 -39.3321
1.353002 75.245 -39.8317
1.362806 75.342 -40.3306
1.372681 75.439 -40.8285
1.382628 75.535 -41.3255
1.392647 75.632 -41.8215
1.402739 75.729 -42.3164
1.412904 75.826 -42.8104
1.423142 75.922 -43.3035
1.433455 76.019 -43.7959
1.443843 76.116 -44.2878
1.454305 76.213 -44.7796
1.464844 76.310 -45.2718
1.475459 76.406 -45.7649
1.486150 76.503 -46.2596
1.496920 76.599 -46.7562
1.507767 76.694 -47.2548
1.518693 76.789 -47.7556
1.529698 76.883 -48.2586
1.540783 76.977 -48.7636
1.551948 77.071 -49.2706
1.563194 77.164 -49.7794
1.574521 77.256 -50.2898
1.585931 77.348 -50.8018
1.597423 77.440 -51.3153
1.608999 77.531 -51.8300
1.620658 77.621 -52.3459
1.632402 77.712 -52.8629
1.644232 77.801 -53.3809
1.656146 77.891 -53.8998
1.668147 77.980 -54.4195
1.680235 78.068 -54.9401
1.692411 78.157 -55.4613
1.704675 78.245 -55.9833
1.717028 78.333 -56.5059
1.729470 78.420 -57.0292
1.742003 78.507 -57.5532
1.754626 78.594 -58.0779
1.767341 78.681 -58.6035
1.780147 78.768 -59.1300
1.793047 78.854 -59.6578
1.806040 78.941 -60.1873
1.819128 79.027 -60.7190
1.832310 79.113 -61.2535
1.845587 79.198 -61.7917
1.858961 79.283 -62.3340
1.872432 79.367 -62.8809
1.886001 79.451 -63.4325
1.899667 79.534 -63.9886
1.913433 79.617 -64.5491
1.927299 79.698 -65.1135
1.941265 79.780 -65.6814
1.955332 79.860 -66.2523
1.969501 79.940 -66.8259
1.983773 80.020 -67.4017
1.998148 80.099 -67.9791
2.012627 80.177 -68.5579
2.027212 80.255 -69.1374
2.041902 80.332 -69.7172
2.056698 80.409 -70.2971
2.071602 80.485 -70.8765
2.086614 80.562 -71.4551
2.101734 80.637 -72.0326
2.116964 80.712 -72.6087
2.132304 80.787 -73.1832
2.147756 80.862 -73.7561
2.163320 80.936 -74.3277
2.178996 81.010 -74.8983
2.194786 81.084 -75.4688
2.210690 81.157 -76.0402
2.226710 81.229 -76.6133
2.242845 81.301 -77.1890
2.259098 81.372 -77.7677
2.275468 81.442 -78.3494
2.291957 81.512 -78.9341
2.308566 81.581 -79.5215
2.325295 81.649 -80.1111
2.342145 81.716 -80.7026
2.359117 81.783 -81.2953
2.376212 81.849 -81.8889
2.393431 81.915 -82.4828
2.410775 81.980 -83.0765
2.428244 82.044 -83.6694
2.445840 82.108 -84.2611
2.463564 82.172 -84.8512
2.481416 82.235 -85.4392
2.499397 82.298 -86.0248
2.517509 82.360 -86.6081
2.535752 82.422 -87.1891
2.554127 82.484 -87.7684
2.572635 82.545 -88.3467
2.591277 82.605 -88.9249
2.610055 82.664 -89.5038
2.628968 82.723 -90.0839
2.648019 82.782 -90.6655
2.667208 82.839 -91.2486
2.686535 82.896 -91.8329
2.706003 82.952 -92.4183
2.725612 83.007 -93.0042
2.745363 83.062 -93.5904
2.765257 83.116 -94.1763
2.785295 83.170 -94.7615
2.805478 83.223 -95.3454
2.825808 83.276 -95.9277
2.846285 83.328 -96.5080
2.866910 83.380 -97.0860
2.887685 83.432 -97.6616
2.908611 83.483 -98.2349
2.929688 83.534 -98.8063
2.950917 83.584 -99.3765
2.972301 83.633 -99.9461
2.993839 83.682 -100.5156
3.015534 83.731 -101.0853
3.037386 83.778 -101.6552
3.059396 83.826 -102.2254
3.081565 83.872 -102.7955
3.103896 83.918 -103.3653
3.126388 83.963 -103.9345
3.149043 84.008 -104.5026
3.171862 84.053 -105.0692
3.194847 84.097 -105.6341
3.217998 84.141 -106.1968
3.241317 84.185 -106.7572
3.264805 84.228 -107.3152
3.288463 84.271 -107.8708
3.312293 84.313 -108.4244
3.336295 84.355 -108.9765
3.360471 84.397 -109.5273
3.384822 84.438 -110.0772
3.409350 84.479 -110.6264
3.434056 84.519 -111.1748
3.458940 84.559 -111.7226
3.484005 84.598 -112.2696
3.509252 84.637 -112.8157
3.534681 84.676 -113.3608
3.560295 84.714 -113.9047
3.586094 84.752 -114.4473
3.612081 84.790 -114.9886
3.638255 84.827 -115.5287
3.664620 84.864 -116.0676
3.691175 84.901 -116.6055
3.717923 84.938 -117.1426
3.744864 84.974 -117.6792
3.772001 85.010 -118.2154
3.799335 85.045 -118.7512
3.826866 85.080 -119.2865
3.854597 85.115 -119.8214
3.882529 85.150 -120.3557
3.910664 85.184 -120.8894
3.939002 85.217 -121.4224
3.967546 85.251 -121.9547
3.996296 85.284 -122.4863
4.025255 85.317 -123.0173
4.054423 85.349 -123.5480
4.083804 85.381 -124.0784
4.113396 85.413 -124.6087
4.143204 85.444 -125.1390
4.173227 85.475 -125.6692
4.203468 85.506 -126.1994
4.233928 85.536 -126.7295
4.264609 85.566 -127.2593
4.295512 85.595 -127.7887
4.326639 85.624 -128.3179
4.357992 85.653 -128.8467
4.389572 85.681 -129.3754
4.421380 85.709 -129.9041
4.453419 85.736 -130.4330
4.485691 85.762 -130.9621
4.518196 85.789 -131.4915
4.550936 85.814 -132.0211
4.583914 85.839 -132.5505
4.617131 85.864 -133.0797
4.650589 85.888 -133.6084
4.684289 85.912 -134.1363
4.718233 85.935 -134.6635
4.752424 85.957 -135.1899
4.786862 85.979 -135.7158
4.821549 86.001 -136.2412
4.856488 86.021 -136.7662
4.891680 86.042 -137.2909
4.927127 86.061 -137.8150
4.962831 86.080 -138.3385
4.998794 86.099 -138.8609
5.035017 86.116 -139.3820
5.071503 86.134 -139.9016
5.108253 86.150 -140.4196
5.145270 86.167 -140.9362
5.182555 86.182 -141.4512
5.220110 86.197 -141.9649
5.257937 86.212 -142.4773
5.296038 86.225 -142.9884
5.334415 86.239 -143.4979
5.373071 86.251 -144.0057
5.412006 86.264 -144.5116
5.451224 86.275 -145.0156
5.490725 86.287 -145.5174
5.530514 86.298 -146.0171
5.570590 86.308 -146.5148
5.610957 86.318 -147.0106
5.651616 86.327 -147.5045
5.692570 86.336 -147.9965
5.733821 86.345 -148.4868
5.775370 86.353 -148.9752
5.817221 86.360 -149.4617
5.859375 86.368 -149.9464
5.901834 86.375 -150.4292
5.944602 86.382 -150.9102
5.987679 86.388 -151.3895
6.031068 86.394 -151.8672
6.074771 86.399 -152.3435
6.118792 86.405 -152.8185
6.163131 86.409 -153.2923
6.207792 86.414 -153.7651
6.252776 86.418 -154.2368
6.298086 86.422 -154.7075
6.343725 86.425 -155.1774
6.389694 86.429 -155.6463
6.435996 86.431 -156.1145
6.482634 86.434 -156.5820
6.529610 86.435 -157.0490
6.576926 86.437 -157.5154
6.624585 86.438 -157.9814
6.672590 86.438 -158.4470
6.720942 86.438 -158.9122
6.769645 86.438 -159.3769
6.818700 86.437 -159.8411
6.868111 86.435 -160.3047
6.917881 86.433 -160.7676
6.968010 86.430 -161.2299
7.018504 86.426 -161.6914
7.069362 86.422 -162.1522
7.120590 86.417 -162.6121
7.172189 86.412 -163.0708
7.224161 86.405 -163.5282
7.276511 86.398 -163.9841
7.329239 86.391 -164.4382
7.382350 86.382 -164.8906
7.435845 86.373 -165.3410
7.489729 86.363 -165.7893
7.544002 86.353 -166.2353
7.598669 86.341 -166.6788
7.653732 86.329 -167.1196
7.709194 86.317 -167.5574
7.765058 86.304 -167.9922
7.821327 86.290 -168.4239
7.878004 86.275 -168.8523
7.935091 86.260 -169.2776
7.992592 86.244 -169.6995
8.050510 86.228 -170.1179
8.108847 86.212 -170.5329
8.167607 86.195 -170.9445
8.226793 86.177 -171.3526
8.286408 86.159 -171.7575
8.346454 86.141 -172.1593
8.406936 86.123 -172.5580
8.467856 86.104 -172.9538
8.529218 86.085 -173.3468
8.591024 86.065 -173.7372
8.653278 86.045 -174.1252
8.715983 86.025 -174.5110
8.779143 86.005 -174.8949
8.842760 85.985 -175.2771
8.906839 85.964 -175.6577
8.971381 85.943 -176.0369
9.036392 85.922 -176.4149
9.101873 85.900 -176.7919
9.167829 85.878 -177.1681
9.234263 85.855 -177.5436
9.301178 85.833 -177.9185
9.368578 85.809 -178.2928
9.436467 85.786 -178.6667
9.504847 85.761 -179.0400
9.573723 85.736 -179.4129
9.643099 85.711 -179.7852
9.712976 85.685 179.8431
9.783361 85.658 179.4723
9.854255 85.631 179.1023
9.925663 85.603 178.7335
9.997588 85.574 178.3659
10.070035 85.544 177.9998
10.143007 85.514 177.6356
10.216507 85.482 177.2733
10.290540 85.450 176.9135
10.365109 85.417 176.5562
10.440219 85.384 176.2017
10.515873 85.349 175.8505
10.592076 85.314 175.5027
10.668830 85.278 175.1587
10.746141 85.242 174.8187
10.824012 85.204 174.4828
10.902447 85.166 174.1515
10.981451 85.128 173.8247
11.061027 85.089 173.5027
11.141180 85.049 173.1856
11.221913 85.009 172.8734
11.303232 84.968 172.5662
11.385140 84.928 172.2638
11.467641 84.886 171.9662
11.550741 84.845 171.6734
11.634442 84.804 171.3851
11.718750 84.762 171.1011
11.803669 84.720 170.8212
11.889203 84.678 170.5451
11.975357 84.636 170.2726
12.062136 84.594 170.0032
12.149543 84.551 169.7368
12.237583 84.509 169.4730
12.326262 84.467 169.2117
12.415583 84.424 168.9526
12.505552 84.381 168.6956
12.596172 84.338 168.4406
12.687449 84.295 168.1875
12.779387 84.251 167.9365
12.871992 84.207 167.6876
12.965268 84.163 167.4411
13.059220 84.118 167.1971
13.153852 84.072 166.9562
13.249170 84.026 166.7185
13.345179 83.980 166.4845
13.441884 83.933 166.2546
13.539289 83.886 166.0292
13.637401 83.838 165.8088
13.736223 83.789 165.5938
13.835761 83.741 165.3843
13.936021 83.692 165.1810
14.037007 83.642 164.9838
14.138725 83.593 164.7931
14.241180 83.543 164.6089
14.344377 83.494 164.4314
14.448323 83.444 164.2605
14.553021 83.394 164.0962
14.658478 83.345 163.9384
14.764700 83.296 163.7870
14.871691 83.246 163.6419
14.979457 83.198 163.5027
15.088005 83.149 163.3693
15.197339 83.101 163.2413
15.307465 83.053 163.1184
15.418389 83.006 163.0002
15.530117 82.959 162.8863
15.642655 82.912 162.7761
15.756008 82.866 162.6693
15.870182 82.821 162.5652
15.985184 82.775 162.4636
16.101019 82.730 162.3640
16.217694 82.685 162.2662
16.335214 82.640 162.1703
16.453586 82.595 162.0763
16.572815 82.550 161.9847
16.692909 82.504 161.8963
16.813872 82.458 161.8119
16.935713 82.412 161.7328
17.058436 82.364 161.6602
17.182048 82.317 161.5956
17.306556 82.269 161.5404
17.431967 82.220 161.4959
17.558286 82.172 161.4630
17.685521 82.124 161.4422
17.813677 82.077 161.4337
17.942762 82.030 161.4367
18.072783 81.985 161.4502
18.203746 81.942 161.4726
18.335658 81.900 161.5016
18.468526 81.861 161.5349
18.602356 81.822 161.5700
18.737156 81.786 161.6046
18.872934 81.751 161.6367
19.009695 81.717 161.6649
19.147447 81.684 161.6886
19.286197 81.652 161.7079
19.425953 81.619 161.7235
19.566721 81.586 161.7368
19.708510 81.553 161.7495
19.851326 81.520 161.7635
19.995177 81.486 161.7805
20.140070 81.453 161.8016
20.286013 81.419 161.8274
20.433014 81.386 161.8576
20.581080 81.354 161.8914
20.730219 81.323 161.9272
20.880439 81.293 161.9631
21.031747 81.264 161.9971
21.184152 81.235 162.0276
21.337661 81.207 162.0539
21.492282 81.178 162.0760
21.648024 81.150 162.0950
21.804895 81.120 162.1130
21.962902 81.090 162.1330
22.122054 81.058 162.1581
22.282360 81.026 162.1913
22.443827 80.994 162.2349
22.606464 80.963 162.2901
22.770280 80.933 162.3564
22.935283 80.904 162.4318
23.101481 80.878 162.5128
23.268884 80.854 162.5949
23.437500 80.833 162.6733
23.607338 80.815 162.7437
23.778406 80.797 162.8024
23.950714 80.781 162.8481
24.124271 80.765 162.8807
24.299086 80.748 162.9026
24.475167 80.730 162.9173
24.652524 80.711 162.9293
24.831166 80.691 162.9430
25.011103 80.670 162.9620
25.192344 80.649 162.9885
25.374898 80.629 163.0224
25.558775 80.611 163.0620
25.743984 80.594 163.1037
25.930536 80.579 163.1431
26.118439 80.566 163.1756
26.307704 80.555 163.1978
26.498341 80.544 163.2077
26.690359 80.533 163.2052
26.883768 80.522 163.1923
27.078579 80.509 163.1722
27.274801 80.495 163.1490
27.472446 80.481 163.1264
27.671522 80.465 163.1070
27.872042 80.450 163.0922
28.074014 80.435 163.0812
28.277450 80.420 163.0723
28.482360 80.407 163.0627
28.688755 80.395 163.0497
28.896645 80.383 163.0312
29.106042 80.371 163.0065
29.316957 80.359 162.9761
29.529400 80.347 162.9417
29.743382 80.334 162.9053
29.958915 80.321 162.8690
30.176009 80.307 162.8336
30.394677 80.294 162.7994
30.614929 80.281 162.7653
30.836778 80.268 162.7296
31.060234 80.256 162.6906
31.285309 80.244 162.6469
31.512015 80.232 162.5985
31.740364 80.219 162.5460
31.970368 80.206 162.4909
32.202039 80.192 162.4348
32.435388 80.178 162.3789
32.670428 80.163 162.3237
32.907171 80.149 162.2684
33.145630 80.135 162.2119
33.385817 80.121 162.1525
33.627745 80.107 162.0892
33.871425 80.093 162.0219
34.116871 80.078 161.9517
34.364096 80.062 161.8803
34.613113 80.046 161.8101
34.863934 80.029 161.7427
35.116572 80.012 161.6786
35.371041 79.996 161.6172
35.627354 79.981 161.5562
35.885525 79.966 161.4923
36.145566 79.953 161.4226
36.407492 79.940 161.3448
36.671316 79.927 161.2581
36.937051 79.913 161.1634
37.204712 79.898 161.0629
37.474313 79.882 160.9597
37.745867 79.866 160.8569
38.019389 79.848 160.7564
38.294893 79.831 160.6592
38.572394 79.813 160.5647
38.851905 79.796 160.4712
39.133442 79.780 160.3768
39.417019 79.763 160.2799
39.702651 79.747 160.1796
39.990353 79.730 160.0764
40.280140 79.712 159.9714
40.572026 79.694 159.8663
40.866028 79.675 159.7625
41.162160 79.656 159.6610
41.460438 79.637 159.5619
41.760877 79.618 159.4648
42.063494 79.599 159.3690
42.368303 79.579 159.2739
42.675322 79.560 159.1786
42.984565 79.541 159.0828
43.296048 79.521 158.9857
43.609789 79.502 158.8863
43.925804 79.482 158.7839
44.244108 79.462 158.6778
44.564719 79.441 158.5685
44.887654 79.420 158.4572
45.212928 79.397 158.3457
45.540560 79.374 158.2361
45.870565 79.350 158.1298
46.202962 79.326 158.0268
46.537768 79.302 157.9262
46.875000 79.279 157.8264
47.214676 79.256 157.7255
47.556813 79.233 157.6225
47.901429 79.210 157.5169
48.248542 79.187 157.4091
48.598171 79.164 157.2996
48.950334 79.140 157.1892
49.305048 79.117 157.0781
49.662333 79.094 156.9665
50.022206 79.070 156.8541
50.384688 79.047 156.7410
50.749796 79.023 156.6272
51.117550 78.999 156.5130
51.487969 78.975 156.3991
51.861072 78.951 156.2862
52.236879 78.926 156.1749
52.615409 78.901 156.0657
52.996681 78.875 155.9588
53.380717 78.849 155.8540
53.767536 78.824 155.7512
54.157158 78.798 155.6498
54.549603 78.772 155.5493
54.944892 78.746 155.4493
55.343045 78.720 155.3493
55.744084 78.694 155.2485
56.148028 78.668 155.1458
56.554900 78.643 155.0395
56.964720 78.617 154.9276
57.377510 78.591 154.8092
57.793291 78.564 154.6854
58.212085 78.536 154.5599
58.633914 78.507 154.4375
59.058799 78.477 154.3226
59.486764 78.447 154.2165
59.917829 78.419 154.1171
60.352019 78.391 154.0206
60.789354 78.365 153.9234
61.229859 78.339 153.8240
61.673556 78.313 153.7228
62.120468 78.287 153.6216
62.570618 78.260 153.5223
63.024031 78.233 153.4264
63.480729 78.205 153.3347
63.940736 78.177 153.2473
64.404077 78.148 153.1650
64.870776 78.118 153.0889
65.340856 78.088 153.0202
65.814343 78.060 152.9570
66.291261 78.033 152.8918
66.771635 78.008 152.8127
67.255489 77.983 152.7095
67.742850 77.958 152.5798
68.233743 77.930 152.4314
68.728193 77.899 152.2769
69.226226 77.866 152.1261
69.727867 77.832 151.9823
70.233144 77.800 151.8438
70.742083 77.768 151.7084
71.254709 77.737 151.5764
71.771050 77.706 151.4488
72.291132 77.677 151.3262
72.814984 77.650 151.2077
73.342631 77.623 151.0920
73.874102 77.596 150.9780
74.409424 77.570 150.8649
74.948626 77.544 150.7524
75.491734 77.517 150.6406
76.038779 77.489 150.5295
76.589787 77.461 150.4186
77.144788 77.432 150.3072
77.703811 77.403 150.1948
78.266885 77.373 150.0812
78.834039 77.343 149.9668
79.405303 77.313 149.8515
79.980706 77.283 149.7350
80.560280 77.255 149.6165
81.144053 77.226 149.4954
81.732056 77.199 149.3716
82.324320 77.171 149.2459
82.920876 77.144 149.1202
83.521755 77.116 148.9966
84.126988 77.088 148.8764
84.736607 77.059 148.7594
85.350643 77.030 148.6445
85.969129 77.002 148.5307
86.592097 76.972 148.4173
87.219579 76.943 148.3041
87.851608 76.914 148.1906
88.488217 76.885 148.0757
89.129439 76.857 147.9579
89.775308 76.829 147.8350
90.425856 76.802 147.7055
91.081119 76.776 147.5697
91.741131 76.749 147.4296
92.405925 76.722 147.2876
93.075536 76.695 147.1450
93.750000 76.669 147.0015
94.429351 76.642 146.8566
95.113625 76.615 146.7103
95.802858 76.588 146.5632
96.497085 76.561 146.4163
97.196342 76.534 146.2705
97.900667 76.508 146.1264
98.610096 76.481 145.9839
99.324665 76.455 145.8424
100.044413 76.428 145.7004
100.769376 76.402 145.5565
101.499592 76.376 145.4096
102.235100 76.349 145.2598
102.975938 76.321 145.1071
103.722144 76.293 144.9519
104.473757 76.265 144.7938
105.230817 76.237 144.6326
105.993363 76.210 144.4685
106.761435 76.182 144.3021
107.535072 76.156 144.1343
108.314315 76.129 143.9659
109.099206 76.103 143.7977
109.889783 76.077 143.6298
110.686090 76.050 143.4622
111.488167 76.024 143.2935
112.296056 75.998 143.1218
113.109800 75.973 142.9441
113.929440 75.948 142.7582
114.755020 75.924 142.5635
115.586582 75.901 142.3600
116.424170 75.879 142.1474
117.267827 75.857 141.9260
118.117598 75.834 141.6983
118.973527 75.810 141.4707
119.835658 75.783 141.2542
120.704037 75.755 141.0585
121.578708 75.728 140.8837
122.459718 75.701 140.7209
123.347111 75.675 140.5601
124.240935 75.651 140.3952
125.141236 75.626 140.2231
126.048061 75.602 140.0417
126.961458 75.577 139.8494
127.881473 75.551 139.6444
128.808154 75.524 139.4250
129.741551 75.496 139.1910
130.681712 75.467 138.9440
131.628686 75.437 138.6894
132.582521 75.407 138.4358
133.543269 75.379 138.1936
134.510979 75.352 137.9691
135.485701 75.329 137.7578
136.467486 75.308 137.5471
137.456386 75.287 137.3270
138.452451 75.264 137.0940
139.455735 75.238 136.8496
140.466288 75.210 136.5981
141.484165 75.182 136.3446
142.509418 75.155 136.0907
143.542100 75.133 135.8331
144.582265 75.115 135.5678
145.629968 75.099 135.2957
146.685262 75.085 135.0204
147.748204 75.071 134.7455
148.818849 75.057 134.4738
149.897251 75.041 134.2062
150.983469 75.026 133.9417
152.077557 75.011 133.6787
153.179574 74.997 133.4156
154.289576 74.984 133.1477
155.407622 74.971 132.8665
156.533770 74.956 132.5630
157.668078 74.936 132.2372
158.810606 74.911 131.9003
159.961413 74.882 131.5621
161.120559 74.853 131.2250
162.288105 74.825 130.8871
163.464112 74.799 130.5468
164.648640 74.775 130.2046
165.841752 74.751 129.8624
167.043510 74.727 129.5212
168.253976 74.704 129.1794
169.473213 74.680 128.8331
170.701286 74.658 128.4793
171.938258 74.635 128.1176
173.184194 74.613 127.7493
174.439158 74.592 127.3766
175.703216 74.569 127.0008
176.976434 74.547 126.6230
178.258878 74.526 126.2437
179.550615 74.505 125.8624
180.851713 74.486 125.4770
182.162239 74.468 125.0861
183.482262 74.450 124.6898
184.811850 74.433 124.2886
186.151073 74.414 123.8832
187.500000 74.395 123.4739
188.858702 74.376 123.0603
190.227250 74.356 122.6419
191.605715 74.337 122.2180
192.994169 74.317 121.7875
194.392685 74.298 121.3491
195.801334 74.279 120.9020
197.220191 74.260 120.4472
198.649330 74.240 119.9863
200.088825 74.221 119.5203
201.538751 74.201 119.0481
202.999184 74.182 118.5677
204.470200 74.163 118.0786
205.951875 74.144 117.5832
207.444287 74.126 117.0861
208.947514 74.109 116.5918
210.461634 74.092 116.1018
211.986726 74.075 115.6123
213.522869 74.060 115.1160
215.070144 74.044 114.6068
216.628631 74.027 114.0839
218.198411 74.008 113.5508
219.779567 73.988 113.0119
221.372180 73.967 112.4689
222.976334 73.947 111.9199
224.592112 73.928 111.3607
226.219600 73.910 110.7893
227.858880 73.893 110.2084
229.510039 73.875 109.6223
231.173164 73.856 109.0339
232.848340 73.835 108.4427
234.535655 73.813 107.8452
236.235197 73.790 107.2389
237.947054 73.767 106.6245
239.671317 73.748 106.0049
241.408074 73.732 105.3804
243.157416 73.720 104.7489
244.919435 73.711 104.1100
246.694223 73.701 103.4646
248.481871 73.691 102.8117
250.282473 73.678 102.1497
252.096123 73.664 101.4770
253.922915 73.649 100.7941
255.762945 73.633 100.1022
257.616309 73.617 99.4025
259.483103 73.601 98.6952
261.363424 73.585 97.9806
263.257372 73.569 97.2595
265.165043 73.551 96.5317
267.086538 73.534 95.7952
269.021957 73.516 95.0472
270.971401 73.498 94.2869
272.934972 73.480 93.5167
274.912771 73.462 92.7415
276.904902 73.445 91.9645
278.911469 73.429 91.1850
280.932577 73.414 90.3997
282.968330 73.399 89.6065
285.018835 73.384 88.8050
287.084199 73.368 87.9944
289.164530 73.352 87.1736
291.259935 73.335 86.3427
293.370525 73.316 85.5042
295.496408 73.298 84.6602
297.637697 73.279 83.8108
299.794503 73.260 82.9561
301.966937 73.241 82.0977
304.155114 73.221 81.2374
306.359147 73.201 80.3746
308.579152 73.181 79.5077
310.815244 73.161 78.6345
313.067539 73.141 77.7540
315.336156 73.121 76.8668
317.621211 73.103 75.9753
319.922826 73.085 75.0835
322.241118 73.068 74.1953
324.576210 73.053 73.3135
326.928223 73.039 72.4388
329.297280 73.028 71.5701
331.683504 73.019 70.7062
334.087019 73.015 69.8455
336.507952 73.016 68.9837
338.946427 73.022 68.1117
341.402572 73.033 67.2173
343.876516 73.049 66.2873
346.368387 73.070 65.3103
348.878315 73.094 64.2760
351.406431 73.120 63.1764
353.952867 73.145 62.0097
356.517756 73.169 60.7826
359.101230 73.191 59.5082
361.703426 73.210 58.2014
364.324478 73.225 56.8733
366.964523 73.235 55.5286
369.623699 73.239 54.1685
372.302145 73.239 52.7956
375.000000 73.233 51.4127
377.717405 73.224 50.0234
380.454501 73.213 48.6316
383.211431 73.200 47.2392
385.988339 73.185 45.8430
388.785369 73.170 44.4396
391.602668 73.154 43.0316
394.440383 73.138 41.6244
397.298660 73.123 40.2207
400.177650 73.108 38.8191
403.077502 73.093 37.4172
405.998368 73.079 36.0131
408.940400 73.065 34.6039
411.903750 73.050 33.1853
414.888575 73.035 31.7531
417.895028 73.021 30.3039
420.923268 73.007 28.8351
423.973452 72.995 27.3483
427.045738 72.985 25.8485
430.140287 72.977 24.3387
433.257261 72.971 22.8167
436.396822 72.965 21.2791
439.559133 72.959 19.7250
442.744360 72.953 18.1559
445.952668 72.945 16.5718
449.184225 72.937 14.9719
452.439199 72.929 13.3562
455.717760 72.921 11.7265
459.020079 72.912 10.0842
462.346327 72.905 8.4279
465.696680 72.898 6.7528
469.071310 72.891 5.0530
472.470394 72.883 3.3250
475.894109 72.872 1.5712
479.342634 72.856 -0.1989
482.816148 72.833 -1.9685
486.314833 72.806 -3.7137
489.838871 72.775 -5.4076
493.388445 72.743 -7.0263
496.963741 72.714 -8.5525
500.564945 72.690 -9.9760
504.192245 72.674 -11.2910
507.845830 72.667 -12.4933
511.525890 72.669 -13.5798
515.232618 72.678 -14.5494
518.966206 72.694 -15.4042
522.726849 72.711 -16.1516
526.514743 72.728 -16.8053
530.330086 72.740 -17.3862
534.173076 72.747 -17.9200
538.043915 72.749 -18.4326
541.942803 72.745 -18.9439
545.869944 72.740 -19.4648
549.825542 72.734 -19.9963
553.809805 72.729 -20.5331
557.822939 72.724 -21.0693
561.865154 72.720 -21.6021
565.936660 72.716 -22.1321
570.037671 72.713 -22.6606
574.168399 72.710 -23.1877
578.329060 72.707 -23.7131
582.519870 72.704 -24.2369
586.741049 72.701 -24.7585
590.992817 72.699 -25.2773
595.275394 72.697 -25.7930
599.589005 72.695 -26.3059
603.933874 72.693 -26.8165
608.310228 72.692 -27.3252
612.718295 72.690 -27.8322
617.158304 72.689 -28.3378
621.630488 72.688 -28.8420
626.135079 72.688 -29.3444
630.672311 72.688 -29.8436
635.242423 72.689 -30.3385
639.845651 72.689 -30.8278
644.482237 72.690 -31.3118
649.152421 72.691 -31.7916
653.856447 72.692 -32.2686
658.594560 72.694 -32.7435
663.367008 72.696 -33.2170
668.174039 72.699 -33.6893
673.015903 72.702 -34.1593
677.892854 72.705 -34.6257
682.805145 72.710 -35.0880
687.753032 72.715 -35.5459
692.736774 72.720 -35.9999
697.756631 72.727 -36.4504
702.812863 72.733 -36.8976
707.905735 72.741 -37.3413
713.035511 72.748 -37.7814
718.202461 72.757 -38.2180
723.406852 72.765 -38.6510
728.648956 72.775 -39.0797
733.929047 72.784 -39.5026
739.247399 72.794 -39.9192
744.604290 72.804 -40.3301
750.000000 72.816 -40.7366
755.434809 72.828 -41.1394
760.909001 72.841 -41.5391
766.422861 72.855 -41.9356
771.976677 72.870 -42.3289
777.570739 72.886 -42.7185
783.205337 72.902 -43.1039
788.880766 72.920 -43.4850
794.597321 72.938 -43.8618
800.355301 72.958 -44.2345
806.155005 72.978 -44.6027
811.996736 72.999 -44.9662
817.880799 73.021 -45.3251
823.807501 73.044 -45.6799
829.777150 73.068 -46.0311
835.790057 73.093 -46.3794
841.846536 73.120 -46.7255
847.946903 73.148 -47.0700
854.091476 73.177 -47.4127
860.280575 73.207 -47.7528
866.514523 73.239 -48.0899
872.793644 73.272 -48.4241
879.118267 73.306 -48.7557
885.488720 73.342 -49.0853
891.905336 73.378 -49.4132
898.368450 73.416 -49.7399
904.878398 73.455 -50.0657
911.435520 73.495 -50.3914
918.040157 73.537 -50.7173
924.692655 73.580 -51.0433
931.393359 73.624 -51.3689
938.142619 73.669 -51.6935
944.940787 73.716 -52.0178
951.788218 73.763 -52.3428
958.685268 73.812 -52.6698
965.632296 73.863 -52.9999
972.629666 73.914 -53.3329
979.677741 73.967 -53.6688
986.776890 74.020 -54.0070
993.927482 74.074 -54.3472
1001.129891 74.129 -54.6896
1008.384491 74.185 -55.0347
1015.691660 74.241 -55.3830
1023.051781 74.299 -55.7350
1030.465236 74.357 -56.0912
1037.932411 74.416 -56.4518
1045.453698 74.475 -56.8170
1053.029486 74.535 -57.1864
1060.660172 74.595 -57.5598
1068.346153 74.656 -57.9363
1076.087829 74.716 -58.3152
1083.885605 74.777 -58.6960
1091.739887 74.838 -59.0785
1099.651084 74.898 -59.4624
1107.619609 74.959 -59.8478
1115.645878 75.020 -60.2347
1123.730308 75.081 -60.6234
1131.873321 75.141 -61.0139
1140.075341 75.201 -61.4059
1148.336797 75.260 -61.7991
1156.658119 75.320 -62.1931
1165.039741 75.379 -62.5881
1173.482099 75.438 -62.9839
1181.985634 75.496 -63.3801
1190.550789 75.554 -63.7759
1199.178011 75.611 -64.1707
1207.867749 75.668 -64.5637
1216.620457 75.724 -64.9543
1225.436590 75.779 -65.3423
1234.316609 75.834 -65.7274
1243.260976 75.887 -66.1092
1252.270157 75.940 -66.4871
1261.344623 75.993 -66.8601
1270.484846 76.044 -67.2272
1279.691303 76.094 -67.5874
1288.964474 76.144 -67.9404
1298.304842 76.192 -68.2856
1307.712894 76.240 -68.6227
1317.189120 76.287 -68.9513
1326.734016 76.334 -69.2711
1336.348077 76.380 -69.5815
1346.031806 76.426 -69.8818
1355.785708 76.471 -70.1718
1365.610290 76.515 -70.4508
1375.506065 76.559 -70.7186
1385.473549 76.602 -70.9748
1395.513261 76.644 -71.2192
1405.625726 76.686 -71.4516
1415.811469 76.728 -71.6714
1426.071023 76.770 -71.8779
1436.404921 76.811 -72.0707
1446.813703 76.852 -72.2497
1457.297912 76.892 -72.4152
1467.858093 76.933 -72.5673
1478.494798 76.974 -72.7060
1489.208581 77.014 -72.8309
1500.000000 77.055 -72.9414
1510.869618 77.095 -73.0374
1521.818002 77.136 -73.1187
1532.845723 77.176 -73.1855
1543.953355 77.217 -73.2378
1555.141477 77.258 -73.2759
1566.410674 77.299 -73.2998
1577.761531 77.341 -73.3093
1589.194642 77.382 -73.3041
1600.710601 77.424 -73.2841
1612.310010 77.466 -73.2488
1623.993473 77.508 -73.1983
1635.761599 77.550 -73.1323
1647.615002 77.593 -73.0508
1659.554299 77.636 -72.9539
1671.580114 77.679 -72.8420
1683.693072 77.723 -72.7157
1695.893807 77.767 -72.5750
1708.182952 77.811 -72.4193
1720.561150 77.856 -72.2482
1733.029045 77.902 -72.0615
1745.587288 77.948 -71.8594
1758.236533 77.994 -71.6420
1770.977440 78.041 -71.4090
1783.810673 78.089 -71.1603
1796.736900 78.136 -70.8956
1809.756796 78.185 -70.6149
1822.871040 78.234 -70.3186
1836.080315 78.284 -70.0076
1849.385310 78.335 -69.6829
1862.786718 78.387 -69.3445
1876.285239 78.439 -68.9918
1889.881575 78.492 -68.6234
1903.576436 78.545 -68.2379
1917.370535 78.597 -67.8353
1931.264593 78.649 -67.4163
1945.259332 78.701 -66.9821
1959.355483 78.753 -66.5333
1973.553781 78.804 -66.0698
1987.854965 78.856 -65.5914
2002.259781 78.908 -65.0975
2016.768981 78.960 -64.5880
2031.383320 79.011 -64.0630
2046.103561 79.063 -63.5223
2060.930471 79.115 -62.9663
2075.864823 79.167 -62.3949
2090.907395 79.218 -61.8077
2106.058972 79.270 -61.2047
2121.320344 79.321 -60.5854
2136.692305 79.372 -59.9500
2152.175658 79.423 -59.2986
2167.771210 79.473 -58.6315
2183.479774 79.523 -57.9487
2199.302169 79.572 -57.2505
2215.239219 79.621 -56.5369
2231.291755 79.669 -55.8082
2247.460615 79.716 -55.0649
2263.746641 79.763 -54.3068
2280.150683 79.808 -53.5335
2296.673595 79.852 -52.7444
2313.316238 79.894 -51.9388
2330.079481 79.934 -51.1160
2346.964198 79.973 -50.2751
2363.971268 80.010 -49.4155
2381.101578 80.044 -48.5365
2398.356022 80.077 -47.6372
2415.735498 80.106 -46.7170
2433.240913 80.134 -45.7750
2450.873180 80.159 -44.8104
2468.633217 80.181 -43.8221
2486.521951 80.200 -42.8087
2504.540314 80.216 -41.7686
2522.689246 80.228 -40.7005
2540.969692 80.238 -39.6030
2559.382606 80.244 -38.4746
2577.928947 80.246 -37.3141
2596.609683 80.245 -36.1195
2615.425787 80.239 -34.8890
2634.378241 80.230 -33.6202
2653.468031 80.217 -32.3109
2672.696154 80.200 -30.9584
2692.063613 80.179 -29.5603
2711.571415 80.153 -28.1140
2731.220579 80.124 -26.6163
2751.012130 80.091 -25.0646
2770.947098 80.054 -23.4562
2791.026522 80.014 -21.7886
2811.251451 79.970 -20.0593
2831.622938 79.923 -18.2657
2852.142045 79.873 -16.4058
2872.809842 79.821 -14.4771
2893.627406 79.767 -12.4779
2914.595823 79.711 -10.4069
2935.716186 79.653 -8.2623
2956.989596 79.595 -6.0431
2978.417161 79.536 -3.7479
3000.000000 79.477 -1.3763
3021.739237 79.417 1.0714
3043.636005 79.359 3.5947
3065.691446 79.301 6.1927
3087.906710 79.245 8.8643
3110.282955 79.190 11.6079
3132.821347 79.138 14.4219
3155.523062 79.087 17.3041
3178.389283 79.040 20.2520
3201.421202 78.995 23.2626
3224.620020 78.952 26.3330
3247.986946 78.912 29.4600
3271.523198 78.874 32.6408
3295.230004 78.838 35.8727
3319.108599 78.804 39.1537
3343.160228 78.771 42.4830
3367.386145 78.738 45.8611
3391.787613 78.706 49.2895
3416.365904 78.674 52.7702
3441.122300 78.642 56.3052
3466.058091 78.609 59.8964
3491.174576 78.576 63.5449
3516.473066 78.543 67.2499
3541.954880 78.511 71.0069
3567.621345 78.480 74.8035
3593.473800 78.451 78.6144
3619.513592 78.425 82.3931
3645.742080 78.403 86.0619
3672.160630 78.385 89.5048
3698.770620 78.368 92.5750
3725.573436 78.348 95.1293
3752.570477 78.319 97.0724
3779.763150 78.281 98.3832
3807.152872 78.236 99.1155
3834.741071 78.190 99.3793
3862.529185 78.145 99.3051
3890.518664 78.103 99.0090
3918.710966 78.062 98.5771
3947.107561 78.020 98.0672
3975.709929 77.977 97.5146
4004.519563 77.932 96.9399
4033.537962 77.887 96.3548
4062.766641 77.840 95.7663
4092.207123 77.793 95.1792
4121.860942 77.745 94.5964
4151.729646 77.696 94.0195
4181.814790 77.646 93.4489
4212.117944 77.596 92.8849
4242.640687 77.545 92.3275
4273.384610 77.493 91.7772
4304.351317 77.440 91.2343
4335.542421 77.387 90.6990
4366.959549 77.333 90.1714
4398.604338 77.279 89.6514
4430.478438 77.225 89.1392
4462.583511 77.170 88.6349
4494.921231 77.116 88.1387
4527.493283 77.061 87.6501
4560.301365 77.007 87.1685
4593.347189 76.952 86.6929
4626.632476 76.897 86.2227
4660.158962 76.843 85.7573
4693.928395 76.789 85.2965
4727.942535 76.735 84.8399
4762.203156 76.680 84.3874
4796.712043 76.626 83.9391
4831.470996 76.572 83.4954
4866.481826 76.517 83.0570
4901.746360 76.462 82.6248
4937.266434 76.406 82.2001
4973.043902 76.350 81.7844
5009.080628 76.294 81.3792
5045.378492 76.237 80.9857
5081.939384 76.180 80.6055
5118.765212 76.124 80.2402
5155.857894 76.067 79.8909
5193.219366 76.011 79.5583
5230.851574 75.956 79.2426
5268.756481 75.901 78.9435
5306.936062 75.848 78.6609
5345.392309 75.797 78.3948
5384.127225 75.747 78.1447
5423.142830 75.700 77.9100
5462.441159 75.655 77.6906
5502.024259 75.612 77.4859
5541.894195 75.572 77.2955
5582.053045 75.535 77.1189
5622.502902 75.501 76.9552
5663.245876 75.470 76.8031
5704.284090 75.443 76.6610
5745.619684 75.419 76.5274
5787.254813 75.399 76.4013
5829.191647 75.383 76.2821
5871.432373 75.371 76.1698
5913.979192 75.363 76.0644
5956.834323 75.359 75.9662
6000.000000 75.358 75.8754
6043.478473 75.363 75.7932
6087.272010 75.371 75.7215
6131.382892 75.385 75.6629
6175.813420 75.405 75.6194
6220.565910 75.432 75.5918
6265.642695 75.467 75.5782
6311.046124 75.512 75.5745
6356.778566 75.568 75.5739
6402.842404 75.636 75.5669
6449.240040 75.717 75.5424
6495.973891 75.813 75.4872
6543.046396 75.923 75.3872
6590.460007 76.046 75.2277
6638.217197 76.184 74.9945
6686.320456 76.333 74.6740
6734.772290 76.495 74.2538
6783.575226 76.666 73.7227
6832.731809 76.844 73.0708
6882.244600 77.029 72.2899
6932.116181 77.217 71.3733
6982.349153 77.407 70.3167
7032.946133 77.596 69.1183
7083.909760 77.781 67.7782
7135.242690 77.961 66.2989
7186.947600 78.134 64.6840
7239.027185 78.298 62.9390
7291.484160 78.450 61.0713
7344.321260 78.590 59.0907
7397.541239 78.713 57.0095
7451.146872 78.821 54.8404
7505.140954 78.911 52.5950
7559.526299 78.984 50.2837
7614.305743 79.041 47.9146
7669.482141 79.082 45.4932
7725.058371 79.109 43.0217
7781.037328 79.123 40.4982
7837.421932 79.123 37.9178
7894.215122 79.109 35.2734
7951.419859 79.080 32.5579
8009.039125 79.032 29.7664
8067.075924 78.963 26.8989
8125.533282 78.868 23.9626
8184.414245 78.744 20.9731
8243.721885 78.586 17.9545
8303.459292 78.391 14.9385
8363.629581 78.157 11.9624
8424.235888 77.884 9.0664
8485.281374 77.574 6.2903
8546.769221 77.228 3.6700
8608.702634 76.851 1.2360
8671.084842 76.449 -0.9880
8733.919097 76.026 -2.9857
8797.208675 75.589 -4.7482
8860.956876 75.142 -6.2738
8925.167022 74.691 -7.5670
8989.842461 74.240 -8.6368
9054.986566 73.794 -9.4965
9120.602731 73.354 -10.1615
9186.694378 72.925 -10.6494
9253.264952 72.507 -10.9781
9320.317925 72.101 -11.1647
9387.856790 71.710 -11.2256
9455.885071 71.333 -11.1755
9524.406312 70.970 -11.0275
9593.424086 70.621 -10.7934
9662.941992 70.287 -10.4836
9732.963653 69.967 -10.1078
9803.492719 69.660 -9.6748
9874.532869 69.365 -9.1920
9946.087805 69.082 -8.6655
10018.161257 68.811 -8.0994
10090.756983 68.550 -7.4968
10163.878768 68.301 -6.8596
10237.530423 68.061 -6.1896
10311.715789 67.832 -5.4885
10386.438732 67.612 -4.7578
10461.703149 67.402 -3.9994
10537.512962 67.200 -3.2147
10613.872125 67.008 -2.4053
10690.784618 66.825 -1.5723
10768.254450 66.650 -0.7162
10846.285661 66.484 0.1628
10924.882318 66.327 1.0645
11004.048518 66.179 1.9886
11083.788390 66.041 2.9343
11164.106090 65.912 3.9006
11245.005805 65.792 4.8867
11326.491752 65.682 5.8917
11408.568180 65.581 6.9145
11491.239368 65.491 7.9548
11574.509626 65.411 9.0131
11658.383294 65.341 10.0897
11742.864745 65.281 11.1845
11827.958384 65.233 12.2966
11913.668646 65.195 13.4254
12000.000000 65.168 14.5710
12086.956947 65.153 15.7337
12174.544019 65.151 16.9141
12262.765784 65.161 18.1135
12351.626840 65.185 19.3334
12441.131819 65.224 20.5756
12531.285389 65.279 21.8416
12622.092249 65.350 23.1331
12713.557132 65.440 24.4507
12805.684808 65.551 25.7935
12898.480079 65.685 27.1575
12991.947783 65.845 28.5361
13086.092792 66.035 29.9183
13180.920015 66.258 31.2888
13276.434395 66.517 32.6263
13372.640911 66.817 33.9032
13469.544580 67.159 35.0840
13567.150452 67.545 36.1266
13665.463617 67.975 36.9829
13764.489200 68.447 37.6034
13864.232362 68.959 37.9402
13964.698305 69.508 37.9496
14065.892266 70.089 37.5931
14167.819519 70.699 36.8352
14270.485380 71.332 35.6401
14373.895200 71.984 33.9686
14478.054370 72.646 31.7774
14582.968320 73.308 29.0222
14688.642520 73.957 25.6636
14795.082478 74.575 21.6748
14902.293745 75.143 17.0498
15010.281908 75.640 11.8113
15119.052599 76.043 6.0178
15228.611486 76.331 -0.2327
15338.964283 76.488 -6.8035
15450.116741 76.503 -13.5265
15562.074656 76.373 -20.2166
15674.843864 76.101 -26.6898
15788.430244 75.701 -32.7815
15902.839718 75.189 -38.3597
16018.078250 74.589 -43.3325
16134.151848 73.922 -47.6478
16251.066563 73.212 -51.2905
16368.828491 72.481 -54.2765
16487.443769 71.746 -56.6448
16606.918584 71.025 -58.4500
16727.259161 70.327 -59.7542
16848.471777 69.663 -60.6215
16970.562748 69.038 -61.1138
17093.538442 68.455 -61.2874
17217.405268 67.917 -61.1935
17342.169684 67.425 -60.8776
17467.838194 66.979 -60.3807
17594.417350 66.579 -59.7388
17721.913751 66.227 -58.9840
17850.334044 65.920 -58.1467
17979.684923 65.660 -57.2570
18109.973131 65.448 -56.3457
18241.205462 65.282 -55.4458
18373.388756 65.163 -54.5936
18506.529905 65.090 -53.8291
18640.635849 65.061 -53.1958
18775.713581 65.075 -52.7399
18911.770141 65.125 -52.5089
19048.812624 65.207 -52.5474
19186.848172 65.313 -52.8906
19325.883983 65.434 -53.5529
19465.927305 65.560 -54.5111
19606.985439 65.678 -55.6849
19749.065738 65.777 -56.9202
19892.175609 65.848 -57.9875
20036.322514 65.885 -58.6211
