* Measurement data measured by REW V5.31.3
* Source: Headset (CX31993 HIFI AUDIO), MICROPHONE (Master Volume), R, volume: 0.250
* Format: 256k Log Swept Sine, 1 sweep at -12.0 dBFS with no timing reference
* Dated: 01 11, 25 3:27:15 PM
* REW Settings:
*  C-weighting compensation: Off
*  Target level: 75.0 dB
* Note: ; 
* Measurement: Thieaudio Oracle mk3 L
* Smoothing: 1/12 octave
* Frequency Step: 96 ppo
* Start Frequency: 0.36621094 Hz
*
* Freq(Hz) SPL(dB) Phase(degrees)
0.366211 57.353 -33.0716
0.368865 57.352 -33.1454
0.371538 57.351 -33.2556
0.374230 57.349 -33.3935
0.376942 57.347 -33.5515
0.379673 57.344 -33.7239
0.382424 57.342 -33.9071
0.385196 57.339 -34.0990
0.387987 57.337 -34.2982
0.390798 57.334 -34.5040
0.393630 57.332 -34.7162
0.396483 57.329 -34.9346
0.399356 57.326 -35.1592
0.402250 57.324 -35.3901
0.405165 57.321 -35.6273
0.408101 57.318 -35.8708
0.411058 57.315 -36.1209
0.414037 57.313 -36.3776
0.417037 57.310 -36.6409
0.420059 57.307 -36.9111
0.423103 57.304 -37.1882
0.426169 57.301 -37.4723
0.429257 57.299 -37.7636
0.432368 57.296 -38.0620
0.435501 57.293 -38.3678
0.438656 57.290 -38.6811
0.441835 57.287 -39.0020
0.445037 57.284 -39.3305
0.448262 57.281 -39.6668
0.451510 57.278 -40.0111
0.454782 57.275 -40.3634
0.458077 57.272 -40.7238
0.461397 57.269 -41.0925
0.464740 57.266 -41.4695
0.468108 57.263 -41.8550
0.471500 57.260 -42.2492
0.474917 57.256 -42.6521
0.478358 57.253 -43.0638
0.481825 57.250 -43.4845
0.485316 57.247 -43.9142
0.488833 57.244 -44.3531
0.492375 57.240 -44.8014
0.495943 57.237 -45.2590
0.499537 57.234 -45.7262
0.503157 57.230 -46.2031
0.506803 57.227 -46.6897
0.510475 57.224 -47.1862
0.514175 57.220 -47.6927
0.517900 57.217 -48.2092
0.521653 57.213 -48.7360
0.525434 57.210 -49.2731
0.529241 57.206 -49.8206
0.533076 57.203 -50.3785
0.536939 57.199 -50.9472
0.540830 57.195 -51.5265
0.544749 57.192 -52.1165
0.548696 57.188 -52.7175
0.552673 57.185 -53.3295
0.556677 57.181 -53.9525
0.560711 57.177 -54.5867
0.564774 57.173 -55.2320
0.568867 57.170 -55.8887
0.572989 57.166 -56.5567
0.577141 57.162 -57.2361
0.581324 57.158 -57.9269
0.585536 57.154 -58.6293
0.589779 57.150 -59.3433
0.594053 57.146 -60.0688
0.598358 57.142 -60.8060
0.602694 57.138 -61.5548
0.607061 57.134 -62.3154
0.611460 57.130 -63.0876
0.615891 57.126 -63.8716
0.620354 57.122 -64.6672
0.624849 57.118 -65.4746
0.629377 57.114 -66.2937
0.633938 57.109 -67.1244
0.638532 57.105 -67.9668
0.643159 57.101 -68.8208
0.647819 57.097 -69.6864
0.652514 57.092 -70.5635
0.657242 57.088 -71.4521
0.662005 57.083 -72.3521
0.666802 57.079 -73.2634
0.671634 57.075 -74.1859
0.676501 57.070 -75.1197
0.681403 57.066 -76.0644
0.686341 57.061 -77.0202
0.691314 57.057 -77.9868
0.696324 57.053 -78.9642
0.701370 57.049 -79.9522
0.706452 57.046 -80.9507
0.711571 57.045 -81.9596
0.716728 57.046 -82.9788
0.721921 57.051 -84.0082
0.727153 57.062 -85.0475
0.732422 57.080 -86.0965
0.737729 57.107 -87.1549
0.743075 57.142 -88.2221
0.748460 57.185 -89.2973
0.753883 57.233 -90.3798
0.759346 57.287 -91.4685
0.764849 57.345 -92.5626
0.770391 57.406 -93.6609
0.775974 57.471 -94.7625
0.781597 57.539 -95.8663
0.787261 57.609 -96.9712
0.792966 57.683 -98.0764
0.798712 57.760 -99.1807
0.804500 57.840 -100.2834
0.810329 57.923 -101.3834
0.816201 58.009 -102.4798
0.822116 58.097 -103.5720
0.828073 58.189 -104.6590
0.834074 58.283 -105.7402
0.840118 58.380 -106.8148
0.846206 58.479 -107.8823
0.852338 58.581 -108.9421
0.858514 58.686 -109.9937
0.864735 58.793 -111.0366
0.871001 58.903 -112.0703
0.877313 59.016 -113.0947
0.883670 59.130 -114.1093
0.890074 59.247 -115.1140
0.896524 59.366 -116.1084
0.903020 59.488 -117.0926
0.909564 59.611 -118.0664
0.916155 59.737 -119.0298
0.922794 59.864 -119.9827
0.929481 59.993 -120.9251
0.936216 60.124 -121.8573
0.943000 60.257 -122.7792
0.949834 60.391 -123.6910
0.956717 60.527 -124.5929
0.963649 60.663 -125.4851
0.970632 60.801 -126.3678
0.977666 60.940 -127.2413
0.984750 61.080 -128.1058
0.991886 61.221 -128.9617
0.999074 61.362 -129.8092
1.006314 61.504 -130.6487
1.013606 61.646 -131.4804
1.020951 61.788 -132.3049
1.028349 61.931 -133.1224
1.035801 62.073 -133.9332
1.043307 62.214 -134.7379
1.050867 62.356 -135.5366
1.058482 62.496 -136.3298
1.066152 62.636 -137.1176
1.073878 62.775 -137.9004
1.081660 62.913 -138.6782
1.089498 63.050 -139.4507
1.097393 63.187 -140.2178
1.105345 63.324 -140.9788
1.113355 63.462 -141.7332
1.121423 63.600 -142.4802
1.129549 63.739 -143.2196
1.137734 63.880 -143.9509
1.145979 64.022 -144.6741
1.154283 64.166 -145.3890
1.162647 64.311 -146.0958
1.171072 64.457 -146.7943
1.179558 64.604 -147.4848
1.188106 64.753 -148.1673
1.196715 64.903 -148.8420
1.205387 65.054 -149.5090
1.214122 65.207 -150.1686
1.222920 65.360 -150.8209
1.231782 65.515 -151.4661
1.240708 65.670 -152.1045
1.249699 65.827 -152.7361
1.258754 65.984 -153.3614
1.267876 66.142 -153.9805
1.277063 66.301 -154.5936
1.286318 66.460 -155.2011
1.295639 66.620 -155.8031
1.305027 66.781 -156.4000
1.314484 66.942 -156.9919
1.324009 67.103 -157.5792
1.333604 67.265 -158.1621
1.343268 67.427 -158.7409
1.353002 67.588 -159.3159
1.362806 67.750 -159.8873
1.372681 67.912 -160.4554
1.382628 68.073 -161.0206
1.392647 68.234 -161.5829
1.402739 68.394 -162.1428
1.412904 68.554 -162.7003
1.423142 68.713 -163.2557
1.433455 68.872 -163.8089
1.443843 69.029 -164.3601
1.454305 69.186 -164.9088
1.464844 69.342 -165.4547
1.475459 69.497 -165.9972
1.486150 69.652 -166.5358
1.496920 69.805 -167.0701
1.507767 69.959 -167.5999
1.518693 70.112 -168.1252
1.529698 70.264 -168.6460
1.540783 70.416 -169.1626
1.551948 70.567 -169.6752
1.563194 70.718 -170.1841
1.574521 70.868 -170.6898
1.585931 71.019 -171.1925
1.597423 71.168 -171.6926
1.608999 71.318 -172.1905
1.620658 71.467 -172.6865
1.632402 71.615 -173.1810
1.644232 71.763 -173.6744
1.656146 71.911 -174.1670
1.668147 72.059 -174.6593
1.680235 72.206 -175.1516
1.692411 72.354 -175.6444
1.704675 72.501 -176.1379
1.717028 72.647 -176.6326
1.729470 72.794 -177.1289
1.742003 72.941 -177.6272
1.754626 73.087 -178.1277
1.767341 73.233 -178.6308
1.780147 73.379 -179.1368
1.793047 73.526 -179.6459
1.806040 73.672 179.8418
1.819128 73.818 179.3264
1.832310 73.963 178.8083
1.845587 74.108 178.2878
1.858961 74.253 177.7654
1.872432 74.397 177.2418
1.886001 74.541 176.7172
1.899667 74.684 176.1921
1.913433 74.826 175.6666
1.927299 74.968 175.1408
1.941265 75.109 174.6150
1.955332 75.249 174.0892
1.969501 75.389 173.5633
1.983773 75.528 173.0374
1.998148 75.667 172.5115
2.012627 75.805 171.9856
2.027212 75.943 171.4594
2.041902 76.080 170.9330
2.056698 76.217 170.4063
2.071602 76.353 169.8790
2.086614 76.490 169.3510
2.101734 76.625 168.8222
2.116964 76.761 168.2923
2.132304 76.896 167.7610
2.147756 77.031 167.2283
2.163320 77.166 166.6938
2.178996 77.301 166.1573
2.194786 77.435 165.6187
2.210690 77.569 165.0779
2.226710 77.702 164.5347
2.242845 77.834 163.9894
2.259098 77.966 163.4421
2.275468 78.097 162.8930
2.291957 78.228 162.3424
2.308566 78.358 161.7904
2.325295 78.486 161.2373
2.342145 78.615 160.6832
2.359117 78.742 160.1284
2.376212 78.869 159.5728
2.393431 78.996 159.0167
2.410775 79.121 158.4601
2.428244 79.247 157.9031
2.445840 79.372 157.3456
2.463564 79.496 156.7875
2.481416 79.620 156.2289
2.499397 79.743 155.6696
2.517509 79.866 155.1092
2.535752 79.989 154.5476
2.554127 80.111 153.9844
2.572635 80.233 153.4191
2.591277 80.354 152.8515
2.610055 80.474 152.2813
2.628968 80.593 151.7085
2.648019 80.712 151.1332
2.667208 80.830 150.5557
2.686535 80.947 149.9762
2.706003 81.063 149.3951
2.725612 81.178 148.8128
2.745363 81.293 148.2296
2.765257 81.407 147.6456
2.785295 81.520 147.0612
2.805478 81.633 146.4766
2.825808 81.745 145.8919
2.846285 81.857 145.3072
2.866910 81.968 144.7224
2.887685 82.079 144.1374
2.908611 82.189 143.5518
2.929688 82.298 142.9651
2.950917 82.407 142.3766
2.972301 82.515 141.7861
2.993839 82.622 141.1931
3.015534 82.728 140.5977
3.037386 82.833 140.0001
3.059396 82.937 139.4006
3.081565 83.041 138.7997
3.103896 83.144 138.1977
3.126388 83.246 137.5952
3.149043 83.347 136.9925
3.171862 83.448 136.3901
3.194847 83.548 135.7883
3.217998 83.647 135.1873
3.241317 83.746 134.5870
3.264805 83.844 133.9873
3.288463 83.942 133.3879
3.312293 84.038 132.7881
3.336295 84.134 132.1873
3.360471 84.229 131.5852
3.384822 84.324 130.9815
3.409350 84.417 130.3764
3.434056 84.510 129.7701
3.458940 84.601 129.1630
3.484005 84.692 128.5556
3.509252 84.782 127.9482
3.534681 84.872 127.3414
3.560295 84.961 126.7355
3.586094 85.049 126.1307
3.612081 85.136 125.5271
3.638255 85.223 124.9245
3.664620 85.309 124.3225
3.691175 85.395 123.7206
3.717923 85.479 123.1182
3.744864 85.563 122.5151
3.772001 85.646 121.9113
3.799335 85.728 121.3069
3.826866 85.810 120.7023
3.854597 85.890 120.0978
3.882529 85.970 119.4939
3.910664 86.049 118.8910
3.939002 86.128 118.2895
3.967546 86.206 117.6895
3.996296 86.283 117.0911
4.025255 86.360 116.4940
4.054423 86.436 115.8978
4.083804 86.511 115.3020
4.113396 86.586 114.7064
4.143204 86.660 114.1108
4.173227 86.733 113.5155
4.203468 86.805 112.9206
4.233928 86.877 112.3264
4.264609 86.948 111.7333
4.295512 87.018 111.1416
4.326639 87.088 110.5515
4.357992 87.157 109.9629
4.389572 87.225 109.3759
4.421380 87.293 108.7901
4.453419 87.361 108.2051
4.485691 87.427 107.6207
4.518196 87.493 107.0370
4.550936 87.558 106.4539
4.583914 87.623 105.8717
4.617131 87.687 105.2906
4.650589 87.750 104.7110
4.684289 87.813 104.1331
4.718233 87.876 103.5569
4.752424 87.937 102.9823
4.786862 87.998 102.4093
4.821549 88.059 101.8375
4.856488 88.119 101.2667
4.891680 88.178 100.6969
4.927127 88.237 100.1282
4.962831 88.295 99.5607
4.998794 88.353 98.9948
5.035017 88.410 98.4304
5.071503 88.467 97.8679
5.108253 88.523 97.3071
5.145270 88.578 96.7480
5.182555 88.633 96.1904
5.220110 88.688 95.6342
5.257937 88.742 95.0792
5.296038 88.795 94.5256
5.334415 88.848 93.9734
5.373071 88.901 93.4228
5.412006 88.953 92.8739
5.451224 89.004 92.3268
5.490725 89.055 91.7814
5.530514 89.106 91.2378
5.570590 89.156 90.6956
5.610957 89.206 90.1549
5.651616 89.255 89.6157
5.692570 89.304 89.0779
5.733821 89.353 88.5416
5.775370 89.401 88.0069
5.817221 89.449 87.4738
5.859375 89.496 86.9423
5.901834 89.543 86.4124
5.944602 89.589 85.8839
5.987679 89.636 85.3568
6.031068 89.681 84.8309
6.074771 89.727 84.3064
6.118792 89.772 83.7833
6.163131 89.816 83.2615
6.207792 89.861 82.7410
6.252776 89.905 82.2219
6.298086 89.948 81.7039
6.343725 89.991 81.1871
6.389694 90.034 80.6714
6.435996 90.077 80.1570
6.482634 90.119 79.6437
6.529610 90.160 79.1316
6.576926 90.202 78.6208
6.624585 90.243 78.1111
6.672590 90.283 77.6026
6.720942 90.323 77.0952
6.769645 90.363 76.5891
6.818700 90.402 76.0842
6.868111 90.441 75.5807
6.917881 90.479 75.0788
6.968010 90.517 74.5784
7.018504 90.555 74.0795
7.069362 90.592 73.5822
7.120590 90.629 73.0864
7.172189 90.665 72.5925
7.224161 90.701 72.1006
7.276511 90.736 71.6108
7.329239 90.771 71.1232
7.382350 90.806 70.6379
7.435845 90.840 70.1549
7.489729 90.874 69.6743
7.544002 90.908 69.1962
7.598669 90.941 68.7207
7.653732 90.974 68.2479
7.709194 91.006 67.7780
7.765058 91.038 67.3109
7.821327 91.071 66.8466
7.878004 91.102 66.3851
7.935091 91.134 65.9263
7.992592 91.165 65.4702
8.050510 91.197 65.0167
8.108847 91.228 64.5659
8.167607 91.259 64.1174
8.226793 91.291 63.6713
8.286408 91.322 63.2272
8.346454 91.353 62.7849
8.406936 91.384 62.3442
8.467856 91.415 61.9050
8.529218 91.446 61.4669
8.591024 91.477 61.0298
8.653278 91.508 60.5935
8.715983 91.539 60.1576
8.779143 91.570 59.7219
8.842760 91.601 59.2862
8.906839 91.632 58.8503
8.971381 91.662 58.4142
9.036392 91.692 57.9779
9.101873 91.722 57.5411
9.167829 91.752 57.1039
9.234263 91.781 56.6664
9.301178 91.810 56.2285
9.368578 91.838 55.7906
9.436467 91.866 55.3528
9.504847 91.893 54.9156
9.573723 91.920 54.4790
9.643099 91.946 54.0435
9.712976 91.971 53.6094
9.783361 91.996 53.1772
9.854255 92.020 52.7473
9.925663 92.043 52.3201
9.997588 92.066 51.8961
10.070035 92.088 51.4755
10.143007 92.110 51.0586
10.216507 92.131 50.6458
10.290540 92.151 50.2373
10.365109 92.172 49.8333
10.440219 92.192 49.4336
10.515873 92.212 49.0382
10.592076 92.232 48.6470
10.668830 92.252 48.2597
10.746141 92.272 47.8759
10.824012 92.292 47.4952
10.902447 92.313 47.1171
10.981451 92.333 46.7407
11.061027 92.354 46.3657
11.141180 92.375 45.9914
11.221913 92.397 45.6170
11.303232 92.418 45.2420
11.385140 92.439 44.8657
11.467641 92.461 44.4878
11.550741 92.482 44.1078
11.634442 92.503 43.7255
11.718750 92.524 43.3409
11.803669 92.544 42.9537
11.889203 92.564 42.5645
11.975357 92.583 42.1734
12.062136 92.601 41.7810
12.149543 92.618 41.3880
12.237583 92.635 40.9949
12.326262 92.650 40.6027
12.415583 92.664 40.2122
12.505552 92.678 39.8243
12.596172 92.690 39.4398
12.687449 92.702 39.0594
12.779387 92.712 38.6839
12.871992 92.723 38.3138
12.965268 92.732 37.9494
13.059220 92.742 37.5909
13.153852 92.751 37.2382
13.249170 92.760 36.8912
13.345179 92.770 36.5494
13.441884 92.779 36.2122
13.539289 92.789 35.8789
13.637401 92.800 35.5485
13.736223 92.810 35.2202
13.835761 92.822 34.8930
13.936021 92.834 34.5658
14.037007 92.846 34.2379
14.138725 92.859 33.9085
14.241180 92.871 33.5769
14.344377 92.884 33.2428
14.448323 92.897 32.9059
14.553021 92.910 32.5660
14.658478 92.922 32.2235
14.764700 92.934 31.8784
14.871691 92.946 31.5314
14.979457 92.957 31.1829
15.088005 92.967 30.8334
15.197339 92.977 30.4836
15.307465 92.987 30.1342
15.418389 92.995 29.7856
15.530117 93.003 29.4382
15.642655 93.011 29.0926
15.756008 93.018 28.7489
15.870182 93.025 28.4074
15.985184 93.031 28.0683
16.101019 93.037 27.7315
16.217694 93.043 27.3972
16.335214 93.049 27.0653
16.453586 93.054 26.7359
16.572815 93.059 26.4091
16.692909 93.064 26.0850
16.813872 93.069 25.7635
16.935713 93.074 25.4450
17.058436 93.079 25.1294
17.182048 93.083 24.8169
17.306556 93.088 24.5073
17.431967 93.092 24.2006
17.558286 93.097 23.8964
17.685521 93.102 23.5944
17.813677 93.107 23.2941
17.942762 93.113 22.9949
18.072783 93.118 22.6960
18.203746 93.124 22.3971
18.335658 93.130 22.0973
18.468526 93.136 21.7963
18.602356 93.142 21.4939
18.737156 93.148 21.1899
18.872934 93.153 20.8847
19.009695 93.158 20.5787
19.147447 93.162 20.2727
19.286197 93.165 19.9675
19.425953 93.168 19.6641
19.566721 93.169 19.3635
19.708510 93.171 19.0666
19.851326 93.172 18.7740
19.995177 93.172 18.4862
20.140070 93.172 18.2032
20.286013 93.173 17.9249
20.433014 93.173 17.6505
20.581080 93.174 17.3793
20.730219 93.175 17.1100
20.880439 93.177 16.8416
21.031747 93.179 16.5726
21.184152 93.181 16.3022
21.337661 93.184 16.0294
21.492282 93.186 15.7535
21.648024 93.188 15.4746
21.804895 93.189 15.1926
21.962902 93.190 14.9082
22.122054 93.190 14.6223
22.282360 93.189 14.3359
22.443827 93.187 14.0506
22.606464 93.185 13.7678
22.770280 93.181 13.4891
22.935283 93.176 13.2159
23.101481 93.171 12.9495
23.268884 93.166 12.6907
23.437500 93.161 12.4401
23.607338 93.156 12.1974
23.778406 93.152 11.9619
23.950714 93.149 11.7324
24.124271 93.148 11.5067
24.299086 93.148 11.2820
24.475167 93.150 11.0557
24.652524 93.153 10.8242
24.831166 93.158 10.5848
25.011103 93.164 10.3348
25.192344 93.170 10.0726
25.374898 93.176 9.7974
25.558775 93.182 9.5095
25.743984 93.186 9.2109
25.930536 93.188 8.9042
26.118439 93.189 8.5930
26.307704 93.187 8.2815
26.498341 93.183 7.9738
26.690359 93.177 7.6733
26.883768 93.170 7.3832
27.078579 93.163 7.1049
27.274801 93.155 6.8390
27.472446 93.147 6.5845
27.671522 93.141 6.3394
27.872042 93.135 6.1011
28.074014 93.131 5.8663
28.277450 93.128 5.6320
28.482360 93.126 5.3954
28.688755 93.125 5.1544
28.896645 93.125 4.9077
29.106042 93.124 4.6549
29.316957 93.122 4.3962
29.529400 93.120 4.1326
29.743382 93.118 3.8654
29.958915 93.113 3.5964
30.176009 93.108 3.3275
30.394677 93.101 3.0605
30.614929 93.094 2.7972
30.836778 93.085 2.5390
31.060234 93.075 2.2870
31.285309 93.065 2.0419
31.512015 93.055 1.8040
31.740364 93.045 1.5729
31.970368 93.034 1.3482
32.202039 93.025 1.1288
32.435388 93.016 0.9135
32.670428 93.007 0.7004
32.907171 93.000 0.4878
33.145630 92.993 0.2731
33.385817 92.987 0.0541
33.627745 92.982 -0.1714
33.871425 92.977 -0.4048
34.116871 92.972 -0.6467
34.364096 92.966 -0.8963
34.613113 92.958 -1.1514
34.863934 92.950 -1.4092
35.116572 92.940 -1.6666
35.371041 92.929 -1.9213
35.627354 92.917 -2.1720
35.885525 92.905 -2.4193
36.145566 92.893 -2.6647
36.407492 92.882 -2.9103
36.671316 92.870 -3.1573
36.937051 92.857 -3.4057
37.204712 92.843 -3.6534
37.474313 92.829 -3.8972
37.745867 92.813 -4.1339
38.019389 92.798 -4.3613
38.294893 92.783 -4.5796
38.572394 92.769 -4.7916
38.851905 92.757 -5.0017
39.133442 92.745 -5.2147
39.417019 92.735 -5.4338
39.702651 92.725 -5.6602
39.990353 92.714 -5.8922
40.280140 92.703 -6.1270
40.572026 92.690 -6.3613
40.866028 92.677 -6.5933
41.162160 92.664 -6.8226
41.460438 92.651 -7.0502
41.760877 92.638 -7.2772
42.063494 92.625 -7.5045
42.368303 92.612 -7.7314
42.675322 92.598 -7.9567
42.984565 92.584 -8.1792
43.296048 92.570 -8.3990
43.609789 92.556 -8.6177
43.925804 92.543 -8.8375
44.244108 92.530 -9.0610
44.564719 92.517 -9.2893
44.887654 92.503 -9.5218
45.212928 92.488 -9.7560
45.540560 92.472 -9.9890
45.870565 92.455 -10.2183
46.202962 92.437 -10.4427
46.537768 92.420 -10.6627
46.875000 92.402 -10.8795
47.214676 92.384 -11.0945
47.556813 92.366 -11.3081
47.901429 92.348 -11.5199
48.248542 92.329 -11.7290
48.598171 92.311 -11.9347
48.950334 92.292 -12.1371
49.305048 92.274 -12.3372
49.662333 92.256 -12.5365
50.022206 92.238 -12.7365
50.384688 92.220 -12.9379
50.749796 92.202 -13.1406
51.117550 92.183 -13.3439
51.487969 92.164 -13.5471
51.861072 92.144 -13.7491
52.236879 92.124 -13.9497
52.615409 92.104 -14.1489
52.996681 92.083 -14.3467
53.380717 92.062 -14.5435
53.767536 92.041 -14.7397
54.157158 92.019 -14.9353
54.549603 91.998 -15.1304
54.944892 91.976 -15.3254
55.343045 91.954 -15.5205
55.744084 91.932 -15.7163
56.148028 91.910 -15.9132
56.554900 91.888 -16.1115
56.964720 91.865 -16.3112
57.377510 91.842 -16.5121
57.793291 91.819 -16.7142
58.212085 91.796 -16.9170
58.633914 91.772 -17.1198
59.058799 91.748 -17.3213
59.486764 91.723 -17.5201
59.917829 91.698 -17.7153
60.352019 91.673 -17.9067
60.789354 91.648 -18.0946
61.229859 91.623 -18.2798
61.673556 91.598 -18.4629
62.120468 91.573 -18.6440
62.570618 91.547 -18.8230
63.024031 91.522 -18.9998
63.480729 91.496 -19.1747
63.940736 91.470 -19.3483
64.404077 91.444 -19.5211
64.870776 91.417 -19.6938
65.340856 91.390 -19.8667
65.814343 91.362 -20.0399
66.291261 91.334 -20.2129
66.771635 91.304 -20.3850
67.255489 91.275 -20.5554
67.742850 91.244 -20.7234
68.233743 91.214 -20.8890
68.728193 91.183 -21.0522
69.226226 91.152 -21.2137
69.727867 91.122 -21.3739
70.233144 91.091 -21.5334
70.742083 91.060 -21.6921
71.254709 91.028 -21.8495
71.771050 90.997 -22.0051
72.291132 90.965 -22.1587
72.814984 90.934 -22.3107
73.342631 90.902 -22.4619
73.874102 90.870 -22.6130
74.409424 90.838 -22.7647
74.948626 90.806 -22.9170
75.491734 90.773 -23.0696
76.038779 90.740 -23.2219
76.589787 90.707 -23.3734
77.144788 90.673 -23.5236
77.703811 90.640 -23.6723
78.266885 90.606 -23.8192
78.834039 90.571 -23.9636
79.405303 90.537 -24.1047
79.980706 90.503 -24.2423
80.560280 90.468 -24.3771
81.144053 90.434 -24.5096
81.732056 90.399 -24.6401
82.324320 90.363 -24.7684
82.920876 90.327 -24.8942
83.521755 90.291 -25.0173
84.126988 90.254 -25.1387
84.736607 90.218 -25.2587
85.350643 90.180 -25.3774
85.969129 90.143 -25.4943
86.592097 90.106 -25.6082
87.219579 90.068 -25.7183
87.851608 90.031 -25.8245
88.488217 89.994 -25.9270
89.129439 89.956 -26.0262
89.775308 89.919 -26.1223
90.425856 89.880 -26.2150
91.081119 89.841 -26.3049
91.741131 89.801 -26.3936
92.405925 89.761 -26.4830
93.075536 89.719 -26.5753
93.750000 89.677 -26.6714
94.429351 89.634 -26.7713
95.113625 89.591 -26.8737
95.802858 89.547 -26.9757
96.497085 89.504 -27.0751
97.196342 89.463 -27.1708
97.900667 89.422 -27.2632
98.610096 89.383 -27.3512
99.324665 89.343 -27.4320
100.044413 89.303 -27.5023
100.769376 89.263 -27.5613
101.499592 89.221 -27.6121
102.235100 89.179 -27.6582
102.975938 89.134 -27.7016
103.722144 89.088 -27.7433
104.473757 89.041 -27.7859
105.230817 88.994 -27.8320
105.993363 88.947 -27.8806
106.761435 88.901 -27.9287
107.535072 88.856 -27.9749
108.314315 88.813 -28.0191
109.099206 88.771 -28.0604
109.889783 88.729 -28.0947
110.686090 88.687 -28.1168
111.488167 88.643 -28.1257
112.296056 88.598 -28.1265
113.109800 88.551 -28.1265
113.929440 88.502 -28.1307
114.755020 88.452 -28.1412
115.586582 88.401 -28.1597
116.424170 88.350 -28.1886
117.267827 88.300 -28.2273
118.117598 88.249 -28.2695
118.973527 88.198 -28.3013
119.835658 88.148 -28.3063
120.704037 88.099 -28.2763
121.578708 88.053 -28.2171
122.459718 88.009 -28.1422
123.347111 87.965 -28.0645
124.240935 87.921 -27.9908
125.141236 87.875 -27.9203
126.048061 87.826 -27.8471
126.961458 87.776 -27.7661
127.881473 87.725 -27.6747
128.808154 87.675 -27.5714
129.741551 87.626 -27.4559
130.681712 87.579 -27.3314
131.628686 87.532 -27.2011
132.582521 87.487 -27.0668
133.543269 87.442 -26.9290
134.510979 87.396 -26.7861
135.485701 87.350 -26.6346
136.467486 87.306 -26.4728
137.456386 87.263 -26.3041
138.452451 87.222 -26.1321
139.455735 87.182 -25.9565
140.466288 87.143 -25.7728
141.484165 87.105 -25.5722
142.509418 87.069 -25.3525
143.542100 87.037 -25.1276
144.582265 87.010 -24.9175
145.629968 86.986 -24.7319
146.685262 86.963 -24.5674
147.748204 86.942 -24.4176
148.818849 86.921 -24.2795
149.897251 86.901 -24.1510
150.983469 86.880 -24.0299
152.077557 86.858 -23.9144
153.179574 86.834 -23.8007
154.289576 86.808 -23.6849
155.407622 86.780 -23.5668
156.533770 86.751 -23.4448
157.668078 86.723 -23.3169
158.810606 86.696 -23.1865
159.961413 86.671 -23.0612
161.120559 86.648 -22.9463
162.288105 86.626 -22.8425
163.464112 86.603 -22.7477
164.648640 86.579 -22.6591
165.841752 86.554 -22.5748
167.043510 86.527 -22.4934
168.253976 86.498 -22.4119
169.473213 86.468 -22.3260
170.701286 86.438 -22.2321
171.938258 86.407 -22.1289
173.184194 86.376 -22.0183
174.439158 86.346 -21.9037
175.703216 86.315 -21.7888
176.976434 86.285 -21.6751
178.258878 86.255 -21.5631
179.550615 86.225 -21.4510
180.851713 86.194 -21.3346
182.162239 86.163 -21.2098
183.482262 86.131 -21.0754
184.811850 86.100 -20.9320
186.151073 86.068 -20.7811
187.500000 86.036 -20.6256
188.858702 86.004 -20.4678
190.227250 85.972 -20.3081
191.605715 85.940 -20.1467
192.994169 85.908 -19.9833
194.392685 85.877 -19.8165
195.801334 85.845 -19.6461
197.220191 85.815 -19.4727
198.649330 85.786 -19.2985
200.088825 85.757 -19.1251
201.538751 85.730 -18.9523
202.999184 85.705 -18.7775
204.470200 85.680 -18.5981
205.951875 85.656 -18.4136
207.444287 85.632 -18.2233
208.947514 85.608 -18.0269
210.461634 85.584 -17.8256
211.986726 85.560 -17.6215
213.522869 85.536 -17.4158
215.070144 85.512 -17.2076
216.628631 85.490 -16.9979
218.198411 85.468 -16.7906
219.779567 85.446 -16.5861
221.372180 85.425 -16.3806
222.976334 85.403 -16.1744
224.592112 85.382 -15.9689
226.219600 85.360 -15.7620
227.858880 85.340 -15.5524
229.510039 85.319 -15.3414
231.173164 85.300 -15.1293
232.848340 85.282 -14.9141
234.535655 85.264 -14.6958
236.235197 85.247 -14.4763
237.947054 85.230 -14.2572
239.671317 85.214 -14.0396
241.408074 85.197 -13.8250
243.157416 85.181 -13.6144
244.919435 85.164 -13.4059
246.694223 85.146 -13.1975
248.481871 85.128 -12.9880
250.282473 85.111 -12.7786
252.096123 85.094 -12.5703
253.922915 85.078 -12.3630
255.762945 85.064 -12.1552
257.616309 85.050 -11.9456
259.483103 85.038 -11.7341
261.363424 85.026 -11.5214
263.257372 85.014 -11.3082
265.165043 85.001 -11.0958
267.086538 84.988 -10.8846
269.021957 84.975 -10.6741
270.971401 84.963 -10.4617
272.934972 84.952 -10.2440
274.912771 84.941 -10.0191
276.904902 84.930 -9.7879
278.911469 84.918 -9.5537
280.932577 84.907 -9.3192
282.968330 84.897 -9.0837
285.018835 84.888 -8.8436
287.084199 84.881 -8.5947
289.164530 84.875 -8.3351
291.259935 84.869 -8.0669
293.370525 84.865 -7.7938
295.496408 84.861 -7.5182
297.637697 84.860 -7.2410
299.794503 84.862 -6.9631
301.966937 84.866 -6.6874
304.155114 84.873 -6.4198
306.359147 84.882 -6.1669
308.579152 84.894 -5.9338
310.815244 84.907 -5.7228
313.067539 84.922 -5.5338
315.336156 84.937 -5.3663
317.621211 84.950 -5.2195
319.922826 84.960 -5.0909
322.241118 84.968 -4.9758
324.576210 84.974 -4.8695
326.928223 84.977 -4.7678
329.297280 84.978 -4.6667
331.683504 84.977 -4.5618
334.087019 84.975 -4.4490
336.507952 84.971 -4.3270
338.946427 84.967 -4.1970
341.402572 84.963 -4.0615
343.876516 84.958 -3.9226
346.368387 84.954 -3.7811
348.878315 84.949 -3.6373
351.406431 84.945 -3.4912
353.952867 84.941 -3.3429
356.517756 84.937 -3.1930
359.101230 84.933 -3.0421
361.703426 84.930 -2.8905
364.324478 84.927 -2.7382
366.964523 84.924 -2.5847
369.623699 84.921 -2.4301
372.302145 84.919 -2.2746
375.000000 84.917 -2.1187
377.717405 84.915 -1.9628
380.454501 84.913 -1.8073
383.211431 84.911 -1.6520
385.988339 84.909 -1.4977
388.785369 84.908 -1.3446
391.602668 84.907 -1.1921
394.440383 84.906 -1.0402
397.298660 84.905 -0.8884
400.177650 84.905 -0.7363
403.077502 84.905 -0.5861
405.998368 84.905 -0.4411
408.940400 84.906 -0.3024
411.903750 84.906 -0.1671
414.888575 84.905 -0.0323
417.895028 84.905 0.1024
420.923268 84.905 0.2374
423.973452 84.904 0.3730
427.045738 84.902 0.5090
430.140287 84.900 0.6449
433.257261 84.898 0.7811
436.396822 84.894 0.9178
439.559133 84.891 1.0543
442.744360 84.886 1.1900
445.952668 84.882 1.3254
449.184225 84.876 1.4611
452.439199 84.870 1.5981
455.717760 84.862 1.7380
459.020079 84.853 1.8832
462.346327 84.843 2.0377
465.696680 84.832 2.2070
469.071310 84.821 2.3969
472.470394 84.811 2.6118
475.894109 84.804 2.8505
479.342634 84.801 3.1038
482.816148 84.803 3.3550
486.314833 84.810 3.5858
489.838871 84.818 3.7845
493.388445 84.827 3.9491
496.963741 84.834 4.0869
500.564945 84.837 4.2100
504.192245 84.838 4.3314
507.845830 84.837 4.4609
511.525890 84.834 4.6034
515.232618 84.832 4.7583
518.966206 84.830 4.9221
522.726849 84.829 5.0909
526.514743 84.829 5.2618
530.330086 84.829 5.4330
534.173076 84.829 5.6034
538.043915 84.830 5.7729
541.942803 84.831 5.9417
545.869944 84.831 6.1096
549.825542 84.830 6.2773
553.809805 84.829 6.4448
557.822939 84.827 6.6123
561.865154 84.825 6.7796
565.936660 84.823 6.9470
570.037671 84.821 7.1147
574.168399 84.818 7.2833
578.329060 84.816 7.4531
582.519870 84.814 7.6248
586.741049 84.812 7.7993
590.992817 84.811 7.9766
595.275394 84.809 8.1552
599.589005 84.807 8.3335
603.933874 84.805 8.5114
608.310228 84.802 8.6900
612.718295 84.800 8.8707
617.158304 84.798 9.0544
621.630488 84.795 9.2415
626.135079 84.792 9.4322
630.672311 84.790 9.6265
635.242423 84.787 9.8242
639.845651 84.784 10.0251
644.482237 84.781 10.2297
649.152421 84.779 10.4378
653.856447 84.776 10.6490
658.594560 84.774 10.8629
663.367008 84.771 11.0806
668.174039 84.769 11.3038
673.015903 84.767 11.5331
677.892854 84.765 11.7661
682.805145 84.764 11.9995
687.753032 84.763 12.2319
692.736774 84.762 12.4650
697.756631 84.761 12.7026
702.812863 84.759 12.9484
707.905735 84.758 13.2040
713.035511 84.758 13.4685
718.202461 84.758 13.7397
723.406852 84.759 14.0145
728.648956 84.761 14.2903
733.929047 84.763 14.5658
739.247399 84.766 14.8402
744.604290 84.769 15.1135
750.000000 84.774 15.3865
755.434809 84.778 15.6605
760.909001 84.784 15.9377
766.422861 84.790 16.2200
771.976677 84.797 16.5074
777.570739 84.805 16.7999
783.205337 84.813 17.0968
788.880766 84.821 17.3975
794.597321 84.831 17.7013
800.355301 84.841 18.0077
806.155005 84.852 18.3167
811.996736 84.864 18.6279
817.880799 84.876 18.9410
823.807501 84.890 19.2557
829.777150 84.904 19.5717
835.790057 84.920 19.8891
841.846536 84.937 20.2079
847.946903 84.954 20.5282
854.091476 84.973 20.8499
860.280575 84.992 21.1729
866.514523 85.013 21.4967
872.793644 85.035 21.8213
879.118267 85.059 22.1462
885.488720 85.083 22.4706
891.905336 85.109 22.7939
898.368450 85.136 23.1157
904.878398 85.164 23.4354
911.435520 85.193 23.7527
918.040157 85.224 24.0671
924.692655 85.255 24.3782
931.393359 85.289 24.6860
938.142619 85.323 24.9904
944.940787 85.359 25.2910
951.788218 85.396 25.5875
958.685268 85.434 25.8794
965.632296 85.473 26.1661
972.629666 85.513 26.4471
979.677741 85.554 26.7217
986.776890 85.596 26.9893
993.927482 85.639 27.2495
1001.129891 85.682 27.5015
1008.384491 85.727 27.7451
1015.691660 85.772 27.9800
1023.051781 85.818 28.2060
1030.465236 85.864 28.4232
1037.932411 85.911 28.6315
1045.453698 85.959 28.8308
1053.029486 86.007 29.0211
1060.660172 86.055 29.2022
1068.346153 86.103 29.3743
1076.087829 86.151 29.5373
1083.885605 86.200 29.6912
1091.739887 86.248 29.8361
1099.651084 86.297 29.9722
1107.619609 86.345 30.0997
1115.645878 86.393 30.2190
1123.730308 86.441 30.3305
1131.873321 86.488 30.4346
1140.075341 86.534 30.5316
1148.336797 86.580 30.6218
1156.658119 86.626 30.7055
1165.039741 86.671 30.7834
1173.482099 86.715 30.8558
1181.985634 86.758 30.9234
1190.550789 86.801 30.9866
1199.178011 86.843 31.0461
1207.867749 86.884 31.1024
1216.620457 86.924 31.1561
1225.436590 86.964 31.2076
1234.316609 87.003 31.2573
1243.260976 87.041 31.3055
1252.270157 87.079 31.3526
1261.344623 87.116 31.3990
1270.484846 87.152 31.4451
1279.691303 87.188 31.4912
1288.964474 87.223 31.5376
1298.304842 87.258 31.5845
1307.712894 87.292 31.6320
1317.189120 87.326 31.6798
1326.734016 87.360 31.7281
1336.348077 87.393 31.7770
1346.031806 87.426 31.8271
1355.785708 87.459 31.8788
1365.610290 87.491 31.9329
1375.506065 87.523 31.9894
1385.473549 87.555 32.0482
1395.513261 87.587 32.1090
1405.625726 87.620 32.1716
1415.811469 87.652 32.2360
1426.071023 87.684 32.3022
1436.404921 87.717 32.3706
1446.813703 87.750 32.4416
1457.297912 87.783 32.5154
1467.858093 87.816 32.5920
1478.494798 87.850 32.6716
1489.208581 87.884 32.7541
1500.000000 87.919 32.8391
1510.869618 87.954 32.9262
1521.818002 87.990 33.0148
1532.845723 88.027 33.1045
1543.953355 88.064 33.1949
1555.141477 88.102 33.2858
1566.410674 88.141 33.3771
1577.761531 88.181 33.4688
1589.194642 88.221 33.5609
1600.710601 88.262 33.6533
1612.310010 88.305 33.7455
1623.993473 88.348 33.8368
1635.761599 88.392 33.9268
1647.615002 88.437 34.0150
1659.554299 88.483 34.1012
1671.580114 88.531 34.1852
1683.693072 88.579 34.2669
1695.893807 88.629 34.3460
1708.182952 88.680 34.4218
1720.561150 88.732 34.4938
1733.029045 88.786 34.5614
1745.587288 88.840 34.6241
1758.236533 88.896 34.6814
1770.977440 88.953 34.7330
1783.810673 89.011 34.7787
1796.736900 89.071 34.8180
1809.756796 89.131 34.8506
1822.871040 89.193 34.8761
1836.080315 89.256 34.8937
1849.385310 89.321 34.9030
1862.786718 89.386 34.9032
1876.285239 89.453 34.8935
1889.881575 89.521 34.8729
1903.576436 89.590 34.8405
1917.370535 89.660 34.7953
1931.264593 89.732 34.7369
1945.259332 89.804 34.6647
1959.355483 89.877 34.5787
1973.553781 89.950 34.4785
1987.854965 90.025 34.3641
2002.259781 90.100 34.2348
2016.768981 90.175 34.0901
2031.383320 90.251 33.9293
2046.103561 90.328 33.7513
2060.930471 90.405 33.5548
2075.864823 90.481 33.3389
2090.907395 90.558 33.1027
2106.058972 90.634 32.8463
2121.320344 90.710 32.5703
2136.692305 90.784 32.2758
2152.175658 90.858 31.9643
2167.771210 90.930 31.6371
2183.479774 91.001 31.2953
2199.302169 91.072 30.9390
2215.239219 91.141 30.5679
2231.291755 91.209 30.1805
2247.460615 91.277 29.7747
2263.746641 91.344 29.3477
2280.150683 91.410 28.8972
2296.673595 91.474 28.4218
2313.316238 91.536 27.9209
2330.079481 91.596 27.3950
2346.964198 91.653 26.8454
2363.971268 91.707 26.2742
2381.101578 91.757 25.6835
2398.356022 91.804 25.0756
2415.735498 91.847 24.4523
2433.240913 91.885 23.8151
2450.873180 91.919 23.1651
2468.633217 91.949 22.5034
2486.521951 91.973 21.8317
2504.540314 91.993 21.1519
2522.689246 92.007 20.4670
2540.969692 92.015 19.7800
2559.382606 92.017 19.0941
2577.928947 92.014 18.4122
2596.609683 92.004 17.7377
2615.425787 91.988 17.0745
2634.378241 91.965 16.4268
2653.468031 91.937 15.7994
2672.696154 91.902 15.1970
2692.063613 91.861 14.6243
2711.571415 91.815 14.0858
2731.220579 91.763 13.5854
2751.012130 91.708 13.1270
2770.947098 91.648 12.7134
2791.026522 91.585 12.3475
2811.251451 91.521 12.0312
2831.622938 91.455 11.7661
2852.142045 91.389 11.5524
2872.809842 91.325 11.3894
2893.627406 91.263 11.2745
2914.595823 91.205 11.2029
2935.716186 91.151 11.1669
2956.989596 91.103 11.1561
2978.417161 91.061 11.1585
3000.000000 91.024 11.1619
3021.739237 90.992 11.1557
3043.636005 90.962 11.1328
3065.691446 90.934 11.0906
3087.906710 90.905 11.0311
3110.282955 90.874 10.9597
3132.821347 90.841 10.8837
3155.523062 90.806 10.8102
3178.389283 90.767 10.7457
3201.421202 90.727 10.6953
3224.620020 90.685 10.6627
3247.986946 90.642 10.6504
3271.523198 90.599 10.6600
3295.230004 90.557 10.6918
3319.108599 90.515 10.7456
3343.160228 90.474 10.8204
3367.386145 90.436 10.9150
3391.787613 90.399 11.0278
3416.365904 90.365 11.1570
3441.122300 90.333 11.3008
3466.058091 90.304 11.4574
3491.174576 90.277 11.6249
3516.473066 90.253 11.8018
3541.954880 90.231 11.9865
3567.621345 90.211 12.1780
3593.473800 90.193 12.3759
3619.513592 90.177 12.5799
3645.742080 90.163 12.7903
3672.160630 90.150 13.0078
3698.770620 90.138 13.2341
3725.573436 90.129 13.4716
3752.570477 90.120 13.7227
3779.763150 90.114 13.9899
3807.152872 90.111 14.2748
3834.741071 90.112 14.5776
3862.529185 90.118 14.8964
3890.518664 90.129 15.2268
3918.710966 90.146 15.5627
3947.107561 90.171 15.8969
3975.709929 90.202 16.2216
4004.519563 90.239 16.5299
4033.537962 90.283 16.8157
4062.766641 90.333 17.0742
4092.207123 90.389 17.3014
4121.860942 90.450 17.4939
4151.729646 90.515 17.6483
4181.814790 90.585 17.7610
4212.117944 90.658 17.8280
4242.640687 90.735 17.8453
4273.384610 90.815 17.8087
4304.351317 90.897 17.7145
4335.542421 90.981 17.5596
4366.959549 91.067 17.3411
4398.604338 91.152 17.0565
4430.478438 91.237 16.7032
4462.583511 91.322 16.2787
4494.921231 91.404 15.7797
4527.493283 91.483 15.2031
4560.301365 91.558 14.5458
4593.347189 91.626 13.8058
4626.632476 91.687 12.9828
4660.158962 91.738 12.0787
4693.928395 91.777 11.0991
4727.942535 91.802 10.0528
4762.203156 91.810 8.9526
4796.712043 91.800 7.8154
4831.470996 91.770 6.6614
4866.481826 91.720 5.5145
4901.746360 91.650 4.4009
4937.266434 91.560 3.3486
4973.043902 91.454 2.3853
5009.080628 91.333 1.5360
5045.378492 91.203 0.8210
5081.939384 91.069 0.2544
5118.765212 90.936 -0.1582
5155.857894 90.811 -0.4209
5193.219366 90.700 -0.5486
5230.851574 90.610 -0.5677
5268.756481 90.544 -0.5139
5306.936062 90.506 -0.4290
5345.392309 90.496 -0.3576
5384.127225 90.515 -0.3431
5423.142830 90.559 -0.4242
5462.441159 90.627 -0.6334
5502.024259 90.713 -0.9955
5541.894195 90.814 -1.5284
5582.053045 90.924 -2.2430
5622.502902 91.040 -3.1439
5663.245876 91.156 -4.2307
5704.284090 91.270 -5.4979
5745.619684 91.378 -6.9369
5787.254813 91.478 -8.5361
5829.191647 91.565 -10.2817
5871.432373 91.640 -12.1580
5913.979192 91.699 -14.1479
5956.834323 91.743 -16.2339
6000.000000 91.771 -18.3984
6043.478473 91.782 -20.6245
6087.272010 91.778 -22.8958
6131.382892 91.758 -25.1969
6175.813420 91.724 -27.5129
6220.565910 91.676 -29.8295
6265.642695 91.615 -32.1325
6311.046124 91.543 -34.4088
6356.778566 91.461 -36.6467
6402.842404 91.372 -38.8360
6449.240040 91.277 -40.9692
6495.973891 91.180 -43.0413
6543.046396 91.083 -45.0502
6590.460007 90.988 -46.9967
6638.217197 90.897 -48.8837
6686.320456 90.813 -50.7163
6734.772290 90.737 -52.5012
6783.575226 90.671 -54.2464
6832.731809 90.616 -55.9617
6882.244600 90.573 -57.6588
6932.116181 90.543 -59.3507
6982.349153 90.525 -61.0523
7032.946133 90.520 -62.7797
7083.909760 90.526 -64.5501
7135.242690 90.543 -66.3818
7186.947600 90.566 -68.2921
7239.027185 90.594 -70.2958
7291.484160 90.622 -72.4036
7344.321260 90.645 -74.6215
7397.541239 90.658 -76.9496
7451.146872 90.657 -79.3818
7505.140954 90.637 -81.9048
7559.526299 90.592 -84.4979
7614.305743 90.518 -87.1348
7669.482141 90.414 -89.7838
7725.058371 90.276 -92.4098
7781.037328 90.105 -94.9763
7837.421932 89.901 -97.4476
7894.215122 89.667 -99.7925
7951.419859 89.405 -101.9857
8009.039125 89.119 -104.0088
8067.075924 88.813 -105.8508
8125.533282 88.491 -107.5062
8184.414245 88.156 -108.9750
8243.721885 87.810 -110.2594
8303.459292 87.456 -111.3624
8363.629581 87.093 -112.2848
8424.235888 86.725 -113.0233
8485.281374 86.350 -113.5716
8546.769221 85.972 -113.9208
8608.702634 85.592 -114.0618
8671.084842 85.212 -113.9873
8733.919097 84.836 -113.6927
8797.208675 84.466 -113.1769
8860.956876 84.107 -112.4426
8925.167022 83.760 -111.4965
8989.842461 83.429 -110.3478
9054.986566 83.118 -109.0084
9120.602731 82.826 -107.4915
9186.694378 82.557 -105.8104
9253.264952 82.312 -103.9783
9320.317925 82.092 -102.0071
9387.856790 81.898 -99.9080
9455.885071 81.729 -97.6906
9524.406312 81.588 -95.3641
9593.424086 81.475 -92.9381
9662.941992 81.390 -90.4226
9732.963653 81.333 -87.8289
9803.492719 81.307 -85.1699
9874.532869 81.310 -82.4591
9946.087805 81.342 -79.7106
10018.161257 81.404 -76.9382
10090.756983 81.495 -74.1555
10163.878768 81.614 -71.3761
10237.530423 81.761 -68.6141
10311.715789 81.934 -65.8844
10386.438732 82.133 -63.2026
10461.703149 82.356 -60.5848
10537.512962 82.600 -58.0472
10613.872125 82.864 -55.6053
10690.784618 83.144 -53.2742
10768.254450 83.438 -51.0673
10846.285661 83.741 -48.9973
10924.882318 84.051 -47.0752
11004.048518 84.362 -45.3106
11083.788390 84.671 -43.7096
11164.106090 84.971 -42.2720
11245.005805 85.258 -40.9890
11326.491752 85.528 -39.8435
11408.568180 85.775 -38.8118
11491.239368 85.998 -37.8665
11574.509626 86.194 -36.9785
11658.383294 86.363 -36.1179
11742.864745 86.503 -35.2554
11827.958384 86.614 -34.3625
11913.668646 86.699 -33.4114
12000.000000 86.757 -32.3752
12086.956947 86.790 -31.2277
12174.544019 86.803 -29.9430
12262.765784 86.797 -28.4978
12351.626840 86.778 -26.8744
12441.131819 86.751 -25.0658
12531.285389 86.723 -23.0806
12622.092249 86.698 -20.9459
12713.557132 86.680 -18.7031
12805.684808 86.668 -16.3992
12898.480079 86.662 -14.0753
12991.947783 86.657 -11.7569
13086.092792 86.648 -9.4491
13180.920015 86.633 -7.1375
13276.434395 86.609 -4.7928
13372.640911 86.577 -2.3789
13469.544580 86.540 0.1389
13567.150452 86.503 2.7866
13665.463617 86.475 5.5762
13764.489200 86.463 8.5020
13864.232362 86.475 11.5390
13964.698305 86.522 14.6416
14065.892266 86.609 17.7434
14167.819519 86.743 20.7571
14270.485380 86.926 23.5777
14373.895200 87.157 26.0884
14478.054370 87.428 28.1694
14582.968320 87.728 29.7107
14688.642520 88.039 30.6248
14795.082478 88.340 30.8596
14902.293745 88.606 30.4087
15010.281908 88.811 29.3179
15119.052599 88.931 27.6884
15228.611486 88.945 25.6722
15338.964283 88.839 23.4627
15450.116741 88.607 21.2771
15562.074656 88.252 19.3352
15674.843864 87.786 17.8382
15788.430244 87.227 16.9525
15902.839718 86.598 16.7998
16018.078250 85.922 17.4529
16134.151848 85.228 18.9363
16251.066563 84.537 21.2308
16368.828491 83.872 24.2803
16487.443769 83.250 28.0010
16606.918584 82.684 32.2930
16727.259161 82.182 37.0500
16848.471777 81.750 42.1684
16970.562748 81.389 47.5525
17093.538442 81.097 53.1165
17217.405268 80.872 58.7831
17342.169684 80.709 64.4813
17467.838194 80.604 70.1433
17594.417350 80.550 75.7033
17721.913751 80.541 81.0963
17850.334044 80.570 86.2585
17979.684923 80.627 91.1272
18109.973131 80.705 95.6367
18241.205462 80.791 99.7173
18373.388756 80.874 103.2949
18506.529905 80.936 106.3010
18640.635849 80.957 108.6881
18775.713581 80.911 110.4509
18911.770141 80.771 111.6435
19048.812624 80.510 112.3895
19186.848172 80.108 112.8748
19325.883983 79.554 113.3234
19465.927305 78.860 113.9532
19606.985439 78.062 114.9134
19749.065738 77.241 116.1967
19892.175609 76.532 117.5450
20036.322514 76.111 118.4534
